"id","type","title","date","category","time","location","content","slug","originalFile","image","archived"
"258988","activity","【活動】ETtoday 總編林妏純談網路新聞產製與自律","2025-10-29","活動","","","<p>投身新聞職場四十餘年，林妏純見證報紙、電視的輝煌時代，然而，當前社群媒體使用率已經大過新聞媒體，迫使新聞產製邏輯不得不「跟著平台走」。林妏純指出，不同的平台有不同的演算法，為了在這場戰役中拿下勝利，他們緊盯各項數據，將曾經被視為新聞界的敵人－AI，訓練成他們的「得力助手」，幫助掌握趨勢。</p>
<p>「獨家的流量可能只能維持五分鐘」，這是林妏純對現在網路媒體「互抄」現象的控訴，當內容涉及授權的問題時，就會更麻煩。新聞專業倫理提到，任何轉載的內容，都需要原作者的授權，但在追逐速度的當下，新聞工作者往往選擇忽略，林妏純表示，即使別家媒體已經發布內容，仍必須再確認授權，才能避免侵權爭議。</p>
<p>除了內容，「標題」作為一篇新聞的門面，更是抓住讀者眼球、吸引流量的關鍵，林妏純在演講中提到，為了吸引讀者點閱，網媒往往會使用聳動的標題，甚至刻意誤導、釣魚，只為爭取那幾秒的注意力。她表示當點閱與流量成了衡量新聞價值的唯一標準，倫理反而被推向邊緣，就像為了博眼球將衣物褪去的明星，林妏純現在想做的，就是「把衣服一件一件穿回來」。</p>
<p>除了 ETtoday 強化自律之外，為了解決網路新聞遇到的困境與爭議，二十多家媒體於今年記者節成立「台灣網路新聞自律聯盟」，試圖透過自律重建社會對新聞的信任。聯盟訂定新聞自律規範，強調真實與倫理，並設立自律委員會受理申訴與檢討修正。林妏純幾經思考，決定出任召集人，與媒體同業推動網路新聞集體自律。</p>
<p>林妏純強調，網路新聞的未來，不僅是流量的競賽，更是一場倫理與信任的修課，唯有重新思考新聞的社會角色，讓真實與責任重新成為核心，媒體才能在這場流量的賭局裡，找回自己的位置，「把衣服一件一件穿回來」，重新找回閱聽人對新聞的信任。</p>","activity-258988","News_Content_n_35498_s_258988.html","images/activities/activity-258988-1.png|||images/activities/activity-258988-2.png",""
"257534","activity","【活動預告】《家鎖：華人家庭這個巨獸》與家庭書寫","2025-10-29","活動","","","<p>思覺失調症的哥哥、中風的父親、失智的母親，面對家庭與疾病的巨獸，排山倒海的壓力。身為小女兒的她，得先活下來......</p>
<p>是記者也是作家的譚蕙芸，如何透過書寫回應與凝視自身生命經驗，去詮釋這些複雜難解的家庭創傷？《家鎖：華人家庭這個巨獸》書寫之後，名為家庭的枷鎖解開了嗎？</p>
<p>------------------------------------------------------------------------------</p>
<p>時間 | 2025/9/19（五）14：00 - 16：00</p>
<p>地點 | 台大新聞所一樓階梯教室 103</p>
<p>報名連結 | <a href=""https://reurl.cc/3MmkxM"">https://reurl.cc/3MmkxM</a></p>
<p>📰 報導者〈家庭這個詞，本來就是用來裝下複雜的──專訪譚蕙芸寫《家鎖：華人家庭這個巨獸》〉<a href=""https://l.facebook.com/l.php?u=https%3A%2F%2Freurl.cc%2FMzD2kK%3Ffbclid%3DIwZXh0bgNhZW0CMTAAYnJpZBExUmNEMkFXZEZmR1VucnZaNgEed04Dn3JP3TU_t_dte0Bq_eFhrfpJB8ldPsiigSN9HQ58VzB6X3z0wLIBQkY_aem_big8evCPj3ZRUHZw-j_z6g&amp;h=AT1bfLZleS7p30CByz71PdCjTnXTKAd2htg-q8fbSw42ntxs796WEUaZlc3PUNwMts1qySie2Jf6cIAJcP4eIVQqvIqGDbfbyXxKO13gfQs_AQCGhyZfkR3BRMX4-KZykPW_fqNc_kJ7qWvSV6ZlcA&amp;__tn__=q&amp;c[0]=AT2eoXLjV4lbjskipBMhi2ST7h5s2Y77Pc5_wArI5rpJy7TX9dPTggFpAAbdCtkT0rJP4IcdqfNo3M-XnNGCDVf14JddbdMmUo_9CQTx68M1ZZ2hIAiX-fmzBmUmZ_LbQbU5qAz_CYP6Bl6uBCLYwDg8PcF52V5GRvg"">https://reurl.cc/MzD2kK</a></p>
<p>📰 OKAPI〈沒有壞人，卻人人受傷？揭開家庭祕密後的修復之路──讀《家鎖：華人家庭這個巨獸》〉<a href=""https://l.facebook.com/l.php?u=https%3A%2F%2Freurl.cc%2FGNDaxW%3Ffbclid%3DIwZXh0bgNhZW0CMTAAYnJpZBExUmNEMkFXZEZmR1VucnZaNgEeOJnPwCcEHSLRjel8efM-jrI4c9QGUTO9BoAkIZbx3tI1-sDJ577QehoR9v0_aem_PW3iWFQ2CBIBMZ26e1MUsA&amp;h=AT1hoBO7b-PHPdJs0P7UQI8n2wdg89fUdB2WvYIoQiq2rA15xGGme3d44Z0GwIxmXjyAdIf4xuLgoiYM9J99pOEwtO83jFtiStGW_F9BMdvG3fz1VyGXXtkmkamDUGhr-eA7CYwvoQZ10qd6r0EhLQ&amp;__tn__=q&amp;c[0]=AT2eoXLjV4lbjskipBMhi2ST7h5s2Y77Pc5_wArI5rpJy7TX9dPTggFpAAbdCtkT0rJP4IcdqfNo3M-XnNGCDVf14JddbdMmUo_9CQTx68M1ZZ2hIAiX-fmzBmUmZ_LbQbU5qAz_CYP6Bl6uBCLYwDg8PcF52V5GRvg"">https://reurl.cc/GNDaxW</a></p>","activity-257534","News_Content_n_35498_s_257534.html","images/activities/activity-257534-1.png",""
"254584","activity","【活動】「看見抵抗與希望：種族清洗政策下的以巴和平吶喊」講座","2025-09-17","演講","","","<p><strong>󠀠「看見抵抗與希望：種族清洗政策下的以巴和平吶喊」講座</strong></p>
<p> 戰爭爆發……紀錄者該站在哪裡？如何觀看與思考？</p>
<p>政治與暴力如何滲透日常？我們應當以何種姿態抵抗？</p>
<p>面對強力壓迫，你會選擇沉默？還是挺身而出？</p>
<p> 精彩紀錄片放映（45分鐘特別剪輯版）+映後座談</p>
<p>報名連結｜<a href=""https://l.facebook.com/l.php?u=https%3A%2F%2Freurl.cc%2FQYmpjp%3Ffbclid%3DIwZXh0bgNhZW0CMTAAYnJpZBExcWJCRWFieGxLTkRBWGhzeQEe-BtLYEUBuF5_68sBBt5vHs-fbQ-I4qT55DNUV2Mo_jLoFkBaz69qLymsSUE_aem_3SP3AVEitVC8sGdExhm06w&amp;h=AT3N9E-W7Oc-mNQltz2Ltuhkz2XFRUsZ200UMX7STFP6QCDsEPQrQkwhTWs_uldr_hxn41zNYX7X-PEBfhEXla3lS5qApzF6bmL9LAxMEASojOABdaHaq24yxzkHhTzux3LNB3WcQvPhQt__9bnoBA&amp;__tn__=-UK-y-R&amp;c[0]=AT0KcV5CLMddPgkoyVvqfeZukusHDJXUoOWEENHnm0WSkwMHCIIK6byKLCgsUz2yDoGQN-0pbX35wkaGzKdz9v-A8jC3qVNf3hMXZ1nJTsiTnOo6FePwmd01I1tO1fYM-NkWBnThrn2PclGRPSjEotRdMivD2vLBuBv9UXJ9oa0_thycAvy7ciPJKxAOoMrDRCZleVh9Eubbr_atz0hwknSbPe_8NbgHjhThos07GJRQOq9H_fGKOFP8JG41VznWMhwiCDCuMBkPD7M7Ro92aJBfBJts"">https://reurl.cc/QYmpjp</a></p>
<p>當軍事鎮壓持續升級、種族清洗政策延燒</p>
<p> 少數行動者的紀錄、發聲、連結與對抗</p>
<p><a href=""https://www.facebook.com/hashtag/%E6%89%93%E7%A0%B4%E4%B8%BB%E6%B5%81%E6%95%98%E4%BA%8B?__eep__=6&amp;__cft__[0]=AZWt9kNRHUOdaNRrL3TqkADkMJwZPvbi43ZBqaAifYHjFIkvxo0y2DZgwDdEWF0keRtm8LaAyAddeT2SQUhrwq3Rdiaq7FFL7h0U0eJY_Q1P9VexH4385BL4EA45aYoPjxwUSy4Ndersu-RZrslfujreEbgwj5PG3J9jeKcNamlQGQtiKs4pQacs1WeB6eu0e6JXQitza6n_q51XleE1-dOIiQ_lPxAUTX6VvbWuR44VthdyTBGbCCyMD1idpojMsYvwMI63pdBAL7G2Pv-5MpKQ&amp;__tn__=*NK-y-R"">#打破主流敘事</a> <a href=""https://www.facebook.com/hashtag/%E6%8F%AD%E9%9C%B2%E6%9A%B4%E5%8A%9B%E7%8F%BE%E5%AF%A6?__eep__=6&amp;__cft__[0]=AZWt9kNRHUOdaNRrL3TqkADkMJwZPvbi43ZBqaAifYHjFIkvxo0y2DZgwDdEWF0keRtm8LaAyAddeT2SQUhrwq3Rdiaq7FFL7h0U0eJY_Q1P9VexH4385BL4EA45aYoPjxwUSy4Ndersu-RZrslfujreEbgwj5PG3J9jeKcNamlQGQtiKs4pQacs1WeB6eu0e6JXQitza6n_q51XleE1-dOIiQ_lPxAUTX6VvbWuR44VthdyTBGbCCyMD1idpojMsYvwMI63pdBAL7G2Pv-5MpKQ&amp;__tn__=*NK-y-R"">#揭露暴力現實</a> <a href=""https://www.facebook.com/hashtag/%E5%91%88%E7%8F%BE%E8%A2%AB%E5%A3%93%E8%BF%AB%E8%80%85%E8%A7%80%E9%BB%9E?__eep__=6&amp;__cft__[0]=AZWt9kNRHUOdaNRrL3TqkADkMJwZPvbi43ZBqaAifYHjFIkvxo0y2DZgwDdEWF0keRtm8LaAyAddeT2SQUhrwq3Rdiaq7FFL7h0U0eJY_Q1P9VexH4385BL4EA45aYoPjxwUSy4Ndersu-RZrslfujreEbgwj5PG3J9jeKcNamlQGQtiKs4pQacs1WeB6eu0e6JXQitza6n_q51XleE1-dOIiQ_lPxAUTX6VvbWuR44VthdyTBGbCCyMD1idpojMsYvwMI63pdBAL7G2Pv-5MpKQ&amp;__tn__=*NK-y-R"">#呈現被壓迫者觀點</a></p>
<p> 特邀唯一深入巴勒斯坦中文圈記者與紀錄片導演 <a href=""https://www.facebook.com/hashtag/%E5%BC%B5%E7%BF%A0%E5%AE%B9?__eep__=6&amp;__cft__[0]=AZWt9kNRHUOdaNRrL3TqkADkMJwZPvbi43ZBqaAifYHjFIkvxo0y2DZgwDdEWF0keRtm8LaAyAddeT2SQUhrwq3Rdiaq7FFL7h0U0eJY_Q1P9VexH4385BL4EA45aYoPjxwUSy4Ndersu-RZrslfujreEbgwj5PG3J9jeKcNamlQGQtiKs4pQacs1WeB6eu0e6JXQitza6n_q51XleE1-dOIiQ_lPxAUTX6VvbWuR44VthdyTBGbCCyMD1idpojMsYvwMI63pdBAL7G2Pv-5MpKQ&amp;__tn__=*NK-y-R"">#張翠容</a></p>","activity-254584","News_Content_n_35498_sms_26668_s_254584.html","images/activities/activity-254584-1.jpg",""
"257550","activity","【活動】訪問學者 Alexander Haentzschel 談德國媒體與跨國平台","2025-09-17","活動","","","<p>關於 Alexander Haentzschel：<a href=""https://www.alexander-haentzschel.de/en/profile/"">https://www.alexander-haentzschel.de/en/profile/</a></p>","activity-257550","News_Content_n_35498_s_257550.html","images/activities/activity-257550-1.jpg|||images/activities/activity-257550-2.jpg|||images/activities/activity-257550-3.jpg",""
"254585","activity","【活動】臺大新聞所學者講座｜譚蕙芸","2025-05-22","演講","","","<ul data-child=""7"" data-index=""1""><li data-index=""1"">  認識本所  本所介紹  宗旨與目標  新聞所圖集  聯絡我們</li><li data-index=""2"">  消息與活動  最新消息  活動資訊  國際交流  學術活動  社科院心輔室</li><li data-index=""3"">  師資陣容  專任教師<ul data-child=""7"" data-index=""1""><li data-index=""1""> 謝吉隆 副教授兼所長</li><li data-index=""2""> 林麗雲 教授</li><li data-index=""3""> 洪貞玲 教授</li><li data-index=""4""> 林照真 教授</li><li data-index=""5""> Adrain Rauchfleisch（劉好迪） 教授</li><li data-index=""6""> 蔡蕙如 副教授</li><li data-index=""7""> 詹怡宜 副教授</li></ul>
  兼任教師  名譽教授  實務教師  合聘教師  感謝與追思  行政人員</li><li data-index=""4"">  入學資訊  臺大招生資訊  甄試入學簡章  招生考試簡章  歷屆考古題  國際生  僑港澳生  陸生</li><li data-index=""5"">  課程規劃  課程地圖  課表與課程大綱  修業規定  學位考試資訊  校際與跨系選課</li><li data-index=""6"">  出版發表  新聞所Medium  前期所報  畢業生論文  報導專書  臺大新聞論壇  畢業生就業狀況  台大資料新聞</li><li data-index=""7"">  獎補助  榮譽  本校獎學金</li></ul>","activity-254585","News_Content_n_35498_s_254585.html","images/activities/activity-254585-1.jpg",""
"246560","activity","【活動】2024年假訊息認知調查暨高峰論壇","2024-12-20","活動","","","<p><p></p>
<p>臺大新聞所 x 臺灣韌性社會研究中心【2024年假訊息認知調查暨高峰論壇】<br/>
 日期：12/20<br/>
 時間：13:00–16:15<br/>
 地點：臺大社科院梁國樹國際會議廳<br/>
 立即報名：<a href=""https://forms.gle/YQXLg4WAZtsNbbEr6?fbclid=IwZXh0bgNhZW0CMTAAAR2lrjb5mcZ_4RisrCz8vnQ3YE5QFAD-x9j4sH5f9APFQARa_eJh6Fwfm2Y_aem_S3vbDhzxafHguOaXEY2Abg"">https://forms.gle/YQXLg4WAZtsNbbEr6</a></p>
<p> </p>
<p>冷冷的天，歡迎各位同學來聽論壇喝咖啡</p>
<p>【學生限定】參加論壇、填問卷請你喝星巴克！</p>
<p> 立即報名：<a href=""https://forms.gle/YQXLg4WAZtsNbbEr6?fbclid=IwZXh0bgNhZW0CMTAAAR1hgtnBeDWKF7lUWIve2F27m7K1DMBNydPK6H5mbp4-Li9ZOR0TDRnqYIA_aem_1kkCsquc2-7EKroQ3qWw6g"">https://forms.gle/YQXLg4WAZtsNbbEr6</a></p>
<p>參加方法：</p>
<p>- 具學生身份的參與者</p>
<p>- 填寫媒體識讀問卷論壇回饋</p>
<p>- 請提前(12:50前)報到+領取問卷，且完整參與全程</p>
<p>- 「會議後」可向工作人員以填寫完成的問卷領取禮券（星巴克咖啡券）。</p>
<p>提醒：</p>
<p>限量25張，數量有限，贈完為止。</p>
<p>請務必於12:50前到場，12:50後將把問卷與禮券名額提供給現場報名者。</p>
<p>請攜帶學生證或身份證至少其一到場以驗證學生身份。</p>
<p>主辦單位保有最終修改、變更、活動解釋及取消本活動之權利</p>
<p></p>
</p>
<p>臺大新聞所 x 臺灣韌性社會研究中心【2024年假訊息認知調查暨高峰論壇】<br/>
 日期：12/20<br/>
 時間：13:00–16:15<br/>
 地點：臺大社科院梁國樹國際會議廳<br/>
 立即報名：<a href=""https://forms.gle/YQXLg4WAZtsNbbEr6?fbclid=IwZXh0bgNhZW0CMTAAAR2lrjb5mcZ_4RisrCz8vnQ3YE5QFAD-x9j4sH5f9APFQARa_eJh6Fwfm2Y_aem_S3vbDhzxafHguOaXEY2Abg"">https://forms.gle/YQXLg4WAZtsNbbEr6</a></p>
<p>冷冷的天，歡迎各位同學來聽論壇喝咖啡</p>
<p>【學生限定】參加論壇、填問卷請你喝星巴克！</p>
<p> 立即報名：<a href=""https://forms.gle/YQXLg4WAZtsNbbEr6?fbclid=IwZXh0bgNhZW0CMTAAAR1hgtnBeDWKF7lUWIve2F27m7K1DMBNydPK6H5mbp4-Li9ZOR0TDRnqYIA_aem_1kkCsquc2-7EKroQ3qWw6g"">https://forms.gle/YQXLg4WAZtsNbbEr6</a></p>
<p>- 請提前(12:50前)報到+領取問卷，且完整參與全程</p>
<p>- 「會議後」可向工作人員以填寫完成的問卷領取禮券（星巴克咖啡券）。</p>
<p>限量25張，數量有限，贈完為止。</p>
<p>請務必於12:50前到場，12:50後將把問卷與禮券名額提供給現場報名者。</p>
<p>請攜帶學生證或身份證至少其一到場以驗證學生身份。</p>","activity-246560","News_Content_n_35498_sms_26668_s_246560.html","images/activities/activity-246560-1.png",""
"244147","activity","【活動】臺大新聞所論壇｜「AI時代的新聞教育與媒體識讀：解碼技術轉型與資訊信任」","2024-12-08","活動","","","<p><p></p>
<p></p>
<p><strong>臺大新聞所論壇 重磅登場！</strong></p>
<p><strong>「AI時代的新聞教育與媒體識讀：解碼技術轉型與資訊信任」</strong></p>
<p>日期｜2024.12.13 (五)</p>
<p>時間｜上半場13:00-14:30，下半場14:45-16:15</p>
<p>地點｜ 臺大社科院3F 梁國樹國際會議廳</p>
<p>主辦單位｜國立臺灣大學新聞研究所</p>
<p>協辦單位｜中嘉寬頻</p>
<p>【上半場主題｜AI怎樣影響媒體教育 】</p>
<p>與談人：</p>
<p>★楊立偉（意藍科技創辦人暨總經理/臺大資管系及工管系兼任助理教授）</p>
<p>★唐鎮宇（ETTODAY資深記者）</p>
<p>★李怡志（國立政治大學傳播學院助理教授）</p>
<p>【下半場主題｜AI時代的媒體識讀與數位公民素養】</p>
<p>與談人：</p>
<p>★胡元輝（臺灣公共廣播電視集團董事長）</p>
<p>★林玉鵬（國立臺灣師範大學社教系助理教授）</p>
<p>★王維菁（國立臺灣師範大學大傳所教授）</p>
<p>★侯宜秀（台灣人工智慧學校基金會秘書長）</p>
<p>報名連結</p>
<p><a href=""https://docs.google.com/forms/d/e/1FAIpQLSdWGEkITTULG8OMOcJ5uxTUFgrPMtmfHiCJD2YVVG7A_4Wgrg/viewform?fbclid=IwZXh0bgNhZW0CMTAAAR25GM4Qv_hhMfC5EKjLyK26L_-Ar84mq_MCn0XPF-BIzWiZqmA-aN5_KrI_aem_LrCv5PmfCcUMwU0SXfhglQ"">https://docs.google.com/.../1FAIpQLSdWGEkITTULG8.../viewform</a></p>
<p></p>
</p>
<p><strong>「AI時代的新聞教育與媒體識讀：解碼技術轉型與資訊信任」</strong></p>
<p>日期｜2024.12.13 (五)</p>
<p>時間｜上半場13:00-14:30，下半場14:45-16:15</p>
<p>地點｜ 臺大社科院3F 梁國樹國際會議廳</p>
<p>主辦單位｜國立臺灣大學新聞研究所</p>
<p>【上半場主題｜AI怎樣影響媒體教育 】</p>
<p>★楊立偉（意藍科技創辦人暨總經理/臺大資管系及工管系兼任助理教授）</p>
<p>★唐鎮宇（ETTODAY資深記者）</p>
<p>★李怡志（國立政治大學傳播學院助理教授）</p>","activity-244147","News_Content_n_35498_s_244147.html","images/activities/activity-244147-1.png",""
"243181","activity","【活動轉知】2024 臺灣人權短片頒獎典禮暨放映座談","2024-10-10","演講","","","<ul data-child=""7"" data-index=""1""><li data-index=""1"">  認識本所  本所介紹  宗旨與目標  新聞所圖集  聯絡我們</li><li data-index=""2"">  消息與活動  最新消息  活動資訊  國際交流  學術活動  社科院心輔室</li><li data-index=""3"">  師資陣容  專任教師<ul data-child=""7"" data-index=""1""><li data-index=""1""> 謝吉隆 副教授兼所長</li><li data-index=""2""> 林麗雲 教授</li><li data-index=""3""> 洪貞玲 教授</li><li data-index=""4""> 林照真 教授</li><li data-index=""5""> Adrain Rauchfleisch（劉好迪） 教授</li><li data-index=""6""> 蔡蕙如 副教授</li><li data-index=""7""> 詹怡宜 副教授</li></ul>
  兼任教師  名譽教授  實務教師  合聘教師  感謝與追思  行政人員</li><li data-index=""4"">  入學資訊  臺大招生資訊  甄試入學簡章  招生考試簡章  歷屆考古題  國際生  僑港澳生  陸生</li><li data-index=""5"">  課程規劃  課程地圖  課表與課程大綱  修業規定  學位考試資訊  校際與跨系選課</li><li data-index=""6"">  出版發表  新聞所Medium  前期所報  畢業生論文  報導專書  臺大新聞論壇  畢業生就業狀況  台大資料新聞</li><li data-index=""7"">  獎補助  榮譽  本校獎學金</li></ul>","activity-243181","News_Content_n_35498_sms_26668_s_243181.html","images/activities/activity-243181-1.jpg",""
"242697","activity","【活動提醒】《國際影人「凝視真相，在當下路上」講座》「宣傳 VS. 報導：假新聞之戰」","2024-09-19","演講","","","<p><p></p>
【就是明天】2024 臺灣國際人權影展《國際影人「凝視真相，在當下路上」講座》
<p></p>
<p></p>
<p>「人權既是普世議題，更容易在日常生活視而不見。」<br/>
<br/>
2024 臺灣國際人權影展《國際影人「凝視真相，在當下路上」講座》開放索票啦！✨<br/>
<br/>
宣傳 VS. 報導：假新聞之戰<br/>
★時間：9/20 (五) 19:00~20:30<br/>
★地點：台大社科院 310 梁國樹國際會議中心 (150 席)、<br/>
<br/>
★主辦單位：國家人權博物館<br/>
★協辦單位：臺大新聞研究所、臺大社科院、中嘉數位<br/>
★執行單位：想映電影有限公司<br/>
★活動貴賓<br/>
- 主講人：雷蒙娜・狄亞茲 Ramona S. DIAZ<br/>
（人權影展開幕片粉紅革命And So It Begins導演）<br/>
- 與談人：洪貞玲教授、范情策展人<br/>
- 主持人：陳馨珮（兼翻譯）<br/>
- 開場：國家人權博物館 洪世芳館長<br/>
<br/>
現正熱烈索票中⬇️🔥<br/>
<a href=""https://forms.gle/kdW79DKVGHxtgUx67"">https://forms.gle/kdW79DKVGHxtgUx67</a></p>
<p> </p>
</p>
<p>「人權既是普世議題，更容易在日常生活視而不見。」<br/>
<br/>
2024 臺灣國際人權影展《國際影人「凝視真相，在當下路上」講座》開放索票啦！✨<br/>
<br/>
宣傳 VS. 報導：假新聞之戰<br/>
★時間：9/20 (五) 19:00~20:30<br/>
★地點：台大社科院 310 梁國樹國際會議中心 (150 席)、<br/>
<br/>
★主辦單位：國家人權博物館<br/>
★協辦單位：臺大新聞研究所、臺大社科院、中嘉數位<br/>
★執行單位：想映電影有限公司<br/>
★活動貴賓<br/>
- 主講人：雷蒙娜・狄亞茲 Ramona S. DIAZ<br/>
（人權影展開幕片粉紅革命And So It Begins導演）<br/>
- 與談人：洪貞玲教授、范情策展人<br/>
- 主持人：陳馨珮（兼翻譯）<br/>
- 開場：國家人權博物館 洪世芳館長<br/>
<br/>
現正熱烈索票中⬇️🔥<br/>
<a href=""https://forms.gle/kdW79DKVGHxtgUx67"">https://forms.gle/kdW79DKVGHxtgUx67</a></p>","activity-242697","News_Content_n_35498_s_242697.html","images/activities/activity-242697-1.jpg",""
"242587","activity","【活動】2024臺灣國際人權影展｜國際影人「雷蒙娜・狄亞茲 Ramona S. DIAZ」講座","2024-09-11","演講","","","<p>2024臺灣國際人權影展｜國際影人「雷蒙娜·狄亞茲 Ramona S. DIAZ」講座
<p></p>
<p>【活動資訊】</p>
<p>時間：09/20 (五) 19:00-20:30 (18:30開放報到）</p>
<p>地點：台大社科院 310 梁國樹國際會議中心</p>
<p>主辦單位：國家人權博物館</p>
<p>協辦單位：臺大新聞研究所、臺大社科院、中嘉數位</p>
<p>執行單位：想映電影有限公司</p>
<p> </p>
<p>【活動貴賓】</p>
<p>主講人：雷蒙娜・狄亞茲 Ramona S. DIAZ（人權影展開幕片《粉紅革命And So It Begins》導演）</p>
<p>與談人：洪貞玲教授、范情策展人</p>
<p>主持人：陳馨珮（兼翻譯）</p>
<p>開場：國家人權博物館 洪世芳館長</p>
<p> </p>
<p>報名連結：<a href=""https://forms.gle/kdW79DKVGHxtgUx67"">https://forms.gle/kdW79DKVGHxtgUx67</a></p>
<p> </p>
<p>※ 講座為免費參加，本活動僅有講座，無電影放映。</p>
<p>※ 敬請於18:50前完成報到，逾時將取消報名，現場等候候補。</p>
<p> </p>
</p>
<p>時間：09/20 (五) 19:00-20:30 (18:30開放報到）</p>
<p>地點：台大社科院 310 梁國樹國際會議中心</p>
<p>協辦單位：臺大新聞研究所、臺大社科院、中嘉數位</p>
<p>主講人：雷蒙娜・狄亞茲 Ramona S. DIAZ（人權影展開幕片《粉紅革命And So It Begins》導演）</p>
<p>與談人：洪貞玲教授、范情策展人</p>
<p>開場：國家人權博物館 洪世芳館長</p>
<p>報名連結：<a href=""https://forms.gle/kdW79DKVGHxtgUx67"">https://forms.gle/kdW79DKVGHxtgUx67</a></p>
<p>※ 講座為免費參加，本活動僅有講座，無電影放映。</p>
<p>※ 敬請於18:50前完成報到，逾時將取消報名，現場等候候補。</p>","activity-242587","News_Content_n_35498_sms_26668_s_242587.html","images/activities/activity-242587-1.png",""
"236721","activity","【活動】當代地緣政治與新聞專業演講","2024-06-20","演講","","","<p><p>放暑假了，何不利用時間來了解重要的地緣政治、新聞專業議題，探討其中的挑戰與機遇？</p>
<p>我們特別邀請到三位重量級嘉賓，免費參與，絕對收穫滿滿～期待您的參與！</p>
<p>報名表單：<a href=""https://docs.google.com/forms/d/e/1FAIpQLSfGEdFdDzptl8fdwSwxPC-Kl50h8M3u4oLlxZ0Gbt1a0qkUtQ/viewform?"">https://docs.google.com/forms/d/e/1FAIpQLSfGEdFdDzptl8fdwSwxPC-Kl50h8M3u4oLlxZ0Gbt1a0qkUtQ/viewform?</a></p>
<p>🟡活動詳情：<br/>
主題： 當代地緣政治與新聞專業<br/>
時間： 6月21日（星期五） 14:00-16:30<br/>
地點： 臺大新聞所103教室</p>
<p>1. 專題演講：資深記者眼中的美中競賽<br/>
講者： 杉田弘毅（日本共同社論說委員）<br/>
時間： 14:00-15:00</p>
<p>2. 對談：面對地緣政治挑戰的媒體韌性：記者培訓的角色與責任<br/>
與談人：<br/>
* Anton Artemyev（英國湯姆森基金會業務發展主管）<br/>
* Isis Mingli Lee（中央廣播電臺副總臺長）<br/>
時間： 15:20-16:30</p>
<p>🟡講者簡介：<br/>
杉田弘毅（Hiroki Sugita）/日本<br/>
日本共同社論說委員，曾任德黑蘭支局長、紐約特派員、華盛頓支局長與首席編輯，2019年起任共同社特別編輯委員兼論說委員。他曾採訪美國小布希總統、俄國普丁等世界領導人，並擔任朝日新聞台《週日新聞》主持人及明治大學政治經濟學部特聘教授，榮獲2021年度日本記者獎。著作包括《驗證非核的選擇》、《美國為何能夠改變》、《「後全球化時代」的地緣政治》等。</p>
<p>安東·阿特米耶夫（Anton Artemyev）/英國<br/>
英國湯姆森基金會業務發展主管（駐柏林），負責德國及其他地區的夥伴合作關係，擁有逾20年的媒體與公民社會發展經驗。曾任索羅斯開放社會基金會東歐與中亞部門主管，協調OSF對俄羅斯入侵烏克蘭的應對措施。學歷包括愛丁堡赫瑞瓦特大學工商管理碩士學位，精通英語、德語、俄語及波蘭語。</p>
<p>李明俐（Isis Mingli Lee）/臺灣<br/>
2022年加入Rti，負責國際節目、全球策略和培訓發展。畢業於英國伯明翰大學文化遺產管理碩士，曾任文化部全球拓展辦公室主任，並在臺灣文化政策研究協會及台北國際藝術村工作，具文化管理、國際交流及相關政策研究的豐富經驗。</p>
</p>
<p>放暑假了，何不利用時間來了解重要的地緣政治、新聞專業議題，探討其中的挑戰與機遇？</p>
<p>我們特別邀請到三位重量級嘉賓，免費參與，絕對收穫滿滿～期待您的參與！</p>
<p>報名表單：<a href=""https://docs.google.com/forms/d/e/1FAIpQLSfGEdFdDzptl8fdwSwxPC-Kl50h8M3u4oLlxZ0Gbt1a0qkUtQ/viewform?"">https://docs.google.com/forms/d/e/1FAIpQLSfGEdFdDzptl8fdwSwxPC-Kl50h8M3u4oLlxZ0Gbt1a0qkUtQ/viewform?</a></p>
<p>🟡活動詳情：<br/>
主題： 當代地緣政治與新聞專業<br/>
時間： 6月21日（星期五） 14:00-16:30<br/>
地點： 臺大新聞所103教室</p>
<p>1. 專題演講：資深記者眼中的美中競賽<br/>
講者： 杉田弘毅（日本共同社論說委員）<br/>
時間： 14:00-15:00</p>
<p>2. 對談：面對地緣政治挑戰的媒體韌性：記者培訓的角色與責任<br/>
與談人：<br/>
* Anton Artemyev（英國湯姆森基金會業務發展主管）<br/>
* Isis Mingli Lee（中央廣播電臺副總臺長）<br/>
時間： 15:20-16:30</p>
<p>🟡講者簡介：<br/>
杉田弘毅（Hiroki Sugita）/日本<br/>
日本共同社論說委員，曾任德黑蘭支局長、紐約特派員、華盛頓支局長與首席編輯，2019年起任共同社特別編輯委員兼論說委員。他曾採訪美國小布希總統、俄國普丁等世界領導人，並擔任朝日新聞台《週日新聞》主持人及明治大學政治經濟學部特聘教授，榮獲2021年度日本記者獎。著作包括《驗證非核的選擇》、《美國為何能夠改變》、《「後全球化時代」的地緣政治》等。</p>
<p>安東·阿特米耶夫（Anton Artemyev）/英國<br/>
英國湯姆森基金會業務發展主管（駐柏林），負責德國及其他地區的夥伴合作關係，擁有逾20年的媒體與公民社會發展經驗。曾任索羅斯開放社會基金會東歐與中亞部門主管，協調OSF對俄羅斯入侵烏克蘭的應對措施。學歷包括愛丁堡赫瑞瓦特大學工商管理碩士學位，精通英語、德語、俄語及波蘭語。</p>
<p>李明俐（Isis Mingli Lee）/臺灣<br/>
2022年加入Rti，負責國際節目、全球策略和培訓發展。畢業於英國伯明翰大學文化遺產管理碩士，曾任文化部全球拓展辦公室主任，並在臺灣文化政策研究協會及台北國際藝術村工作，具文化管理、國際交流及相關政策研究的豐富經驗。</p>","activity-236721","News_Content_n_35498_sms_26668_s_236721.html","images/activities/activity-236721-1.jpg",""
"236338","activity","【活動】卓越新聞獎重要演講及「亞洲新聞專業論壇」","2024-06-20","演講","","","<p>卓越新聞獎重要演講
<p>日期：6月21日<br/>
時間：下午2:00-4:30<br/>
地點：新聞所103大教室</p>
<p></p>
<p>杉田弘毅先生是此次論壇的日本代表，杉田先生在6/21(五)下午到台大演講，杉田先生的<a href=""001/Upload/366/ckfile/355c4063-ee9f-46ef-9800-4450a0c3a300.docx"">簡歷</a>及照片如附。</p>
<p></p>
卓越新聞獎「亞洲新聞專業論壇」
<p></p>
<p>台大新聞所協辦今年的「亞洲新聞專業論壇」，將於6/22-23兩天舉行。</p>
<p>2024是歷史性的選舉年，全世界高達76個國家舉行大選，有42億人口參與投票，在世界政治史上，可說史無前例！備受關注的幾場選舉包括，一月的台灣總統大選、二月印尼、三月俄羅斯、四月韓國及投票時間長達一個半月的印度國會大選，六月有歐盟議會選舉，下半年則有可能改變國際政治格局的英、美選舉。</p>
<p>在這個特殊的年份，今年「亞洲新聞專業論壇」的主題聚焦在「歷史性選舉年的新聞專業」，邀請今年及近年舉行大選的亞洲國家記者來台交流，以六個場次，共同探討重要的政治及媒體現象，包括選舉結果對地緣政治的影響、選舉干預、錯假訊息及AI生成訊息的作用、民粹與政治兩極化、社群媒體短影音與青年選票，我們也會preview下半年最重要的英美歐洲選舉，並一起思考如何重建專業媒體的影響力。</p>
<p>所有討論聚焦在兩個軸線：政治與媒體，兩者密切互動且相互影響，可能一起提升，也可能一起沉淪。新聞專業與新聞自由是民主政治的關鍵，我們邀請傳播系所的老師及同學們一同關心及討論。</p>
<p>日期：6月22-23日<br/>
地點：台灣大學法學院霖澤館國際會議廳（靠近台大辛亥路後門）</p>
<p>論壇議程：共有六個場次，安排六大主題，每個主題的內容請見議程<a href=""https://feja.org.tw/75514"">https://feja.org.tw/75514</a></p>
<p>論壇講者：共邀請八個國家代表包括日本、韓國、印尼、印度、泰國、菲律賓、中國及英國，與八位台灣記者、學者與談。講者介紹請見<a href=""https://feja.org.tw/75508"">https://feja.org.tw/75508</a></p>
<p>活動報名：1. 一般報名：<a href=""https://feja.org.tw/75499"">https://feja.org.tw/75499</a></p>
<p>　　　　　 2.特別推薦：為鼓勵同學們關心重要社會議題，本活動提供各系所兩個免費學生名額，透過此管道報名之同學，請填下列表單<a href=""https://forms.gle/cH7Hj7366KGnPiRz7"">https://forms.gle/cH7Hj7366KGnPiRz7</a>，並下載附加檔案中的推薦證明，填寫後拍照回傳<a href=""http://feja@feja.org.tw"">feja@feja.org.tw</a>即可。</p>
<p> </p>
<p> </p>
<p> </p>
</p>
<p>日期：6月21日<br/>
時間：下午2:00-4:30<br/>
地點：新聞所103大教室</p>
<p>杉田弘毅先生是此次論壇的日本代表，杉田先生在6/21(五)下午到台大演講，杉田先生的<a href=""001/Upload/366/ckfile/355c4063-ee9f-46ef-9800-4450a0c3a300.docx"">簡歷</a>及照片如附。</p>
<p>台大新聞所協辦今年的「亞洲新聞專業論壇」，將於6/22-23兩天舉行。</p>
<p>2024是歷史性的選舉年，全世界高達76個國家舉行大選，有42億人口參與投票，在世界政治史上，可說史無前例！備受關注的幾場選舉包括，一月的台灣總統大選、二月印尼、三月俄羅斯、四月韓國及投票時間長達一個半月的印度國會大選，六月有歐盟議會選舉，下半年則有可能改變國際政治格局的英、美選舉。</p>
<p>在這個特殊的年份，今年「亞洲新聞專業論壇」的主題聚焦在「歷史性選舉年的新聞專業」，邀請今年及近年舉行大選的亞洲國家記者來台交流，以六個場次，共同探討重要的政治及媒體現象，包括選舉結果對地緣政治的影響、選舉干預、錯假訊息及AI生成訊息的作用、民粹與政治兩極化、社群媒體短影音與青年選票，我們也會preview下半年最重要的英美歐洲選舉，並一起思考如何重建專業媒體的影響力。</p>
<p>所有討論聚焦在兩個軸線：政治與媒體，兩者密切互動且相互影響，可能一起提升，也可能一起沉淪。新聞專業與新聞自由是民主政治的關鍵，我們邀請傳播系所的老師及同學們一同關心及討論。</p>
<p>日期：6月22-23日<br/>
地點：台灣大學法學院霖澤館國際會議廳（靠近台大辛亥路後門）</p>
<p>論壇議程：共有六個場次，安排六大主題，每個主題的內容請見議程<a href=""https://feja.org.tw/75514"">https://feja.org.tw/75514</a></p>
<p>論壇講者：共邀請八個國家代表包括日本、韓國、印尼、印度、泰國、菲律賓、中國及英國，與八位台灣記者、學者與談。講者介紹請見<a href=""https://feja.org.tw/75508"">https://feja.org.tw/75508</a></p>","activity-236338","News_Content_n_35498_sms_26668_s_236338.html","images/activities/activity-236338-1.png",""
"236336","activity","【活動徵人】「亞洲新聞專業論壇」外賓接待及寫稿","2024-06-15","活動","","","<p><p>新聞所協辦今年的「亞洲新聞專業論壇」將於6/22-23兩天舉行。</p>
<p>今年論壇共有八位外賓，需要四位能夠英語應對的同學協助接待（接待照時數X185元）。</p>
<p>另外，也需要六位同學幫忙寫稿（５個場次＋１場閉門演講），<br/>
每篇文稿約4500字，稿費7000元，活動後刊登於卓越新聞電子報．<br/>
但閉門演講的文稿不刊出，會作為內參及結案報告之用。</p>
<p> </p>
</p>
<p>新聞所協辦今年的「亞洲新聞專業論壇」將於6/22-23兩天舉行。</p>
<p>今年論壇共有八位外賓，需要四位能夠英語應對的同學協助接待（接待照時數X185元）。</p>
<p>另外，也需要六位同學幫忙寫稿（５個場次＋１場閉門演講），<br/>
每篇文稿約4500字，稿費7000元，活動後刊登於卓越新聞電子報．<br/>
但閉門演講的文稿不刊出，會作為內參及結案報告之用。</p>","activity-236336","News_Content_n_35498_s_236336.html","images/activities/activity-236336-1.jpg",""
"233411","activity","【活動預告】總統大選期間的假訊息攻擊與台灣社會因應之道報告發表暨論壇","2024-04-08","活動","","","<p><p><b>總統大選期間的假訊息攻擊與台灣社會因應之道</b></p>
<p><b>報告發表暨論壇</b><br/>
 </p>
<p><b>時間： 2024/4/12(五)下午2:00-4:30</b></p>
<p><b>地點：臺大社科院102 階梯教室(定吾講堂)</b></p>
<p><b>預定流程：</b></p>
<b>一、報告發表： AI Disinformation Attacks and Taiwan’s Responses during the 2024 Presidential Election（14:00-14:50）</b>
<p> </p>
<p><b>報告人：</b></p>
<ul>
<li>
<p><b>臺大新聞所教授／洪貞玲</b></p>
</li>
<li>
<p><b>國防大學新聞系教授／傅文成</b></p>
</li>
<li>
<p><b>政大新聞系教授(借調華視總經理)／劉昌德</b></p>
</li>
<li>
<p><b>臺大新聞所助理教授／蔡蕙如</b></p>
</li>
</ul>
<p> </p>
<p><b>報告大綱：</b></p>
<p><b>1. 2024選舉期間AI 假訊息的樣態與案例<br/>
2.公民團體與媒體對防制假訊息的因應<br/>
3.總統選舉假訊息挑戰對國內/國際之啟示<br/>
QA與中場休息 （14:50-15:00）</b></p>
<b>二、公民團體如何破解選舉假訊息: 成果與挑戰 (15:00-16:30)</b>
<p><b>主持人: 公共電視董事長／胡元輝</b></p>
<p><b>與談人:</b></p>
<ul>
<li>
<p><b>台灣事實查核中心主編／陳偉婷</b></p>
</li>
<li>
<p><b>Taiwan AI Labs 內容執行長／黃兆徽</b></p>
</li>
<li>
<p><b>台灣民主實驗室研發長／寒山（Tim Niven）</b></p>
</li>
<li>
<p><b>IORG 台灣資訊環境研究中心 資料工程師 ／林玿弘</b></p>
</li>
</ul>
<p> </p>
<p><b>與談題綱：</b></p>
<ul>
<li>
<p><b>貴單位在選舉期間進行的AI假訊息偵測、破解與分析，投入了什麼努力？有什麼成果與發現？</b></p>
</li>
<li>
<p><b>AI假訊息盛行，對於防治假訊息造成那些挑戰? 如何有效因應?</b></p>
</li>
<li>
<p><b>為防治假訊息以維繫民主，除了民間團體的作為之外，有哪些建議?</b></p>
</li>
</ul>
<p>報名表格：<a href=""https://docs.google.com/forms/d/e/1FAIpQLSc5c4oXBmSyVoDFhiSrY3taOkCg7xQSUx1sl7gj9OTxMoCZKA/viewform"">https://docs.google.com/forms/d/e/1FAIpQLSc5c4oXBmSyVoDFhiSrY3taOkCg7xQSUx1sl7gj9OTxMoCZKA/viewform</a></p>
<p> </p>
<p></p>
</p>
<p><b>總統大選期間的假訊息攻擊與台灣社會因應之道</b></p>
<p><b>時間： 2024/4/12(五)下午2:00-4:30</b></p>
<p><b>地點：臺大社科院102 階梯教室(定吾講堂)</b></p>
<p><b>政大新聞系教授(借調華視總經理)／劉昌德</b></p>
<p><b>1. 2024選舉期間AI 假訊息的樣態與案例<br/>
2.公民團體與媒體對防制假訊息的因應<br/>
3.總統選舉假訊息挑戰對國內/國際之啟示<br/>
QA與中場休息 （14:50-15:00）</b></p>
<p><b>主持人: 公共電視董事長／胡元輝</b></p>
<p><b>Taiwan AI Labs 內容執行長／黃兆徽</b></p>
<p><b>台灣民主實驗室研發長／寒山（Tim Niven）</b></p>
<p><b>IORG 台灣資訊環境研究中心 資料工程師 ／林玿弘</b></p>","activity-233411","News_Content_n_35498_sms_26668_s_233411.html","images/activities/activity-233411-1.png",""
"233078","activity","【活動】CNN首任北京分社社長Mike Chinoy 新書講座《中國任務: 美國駐華記者口述史》","2024-03-19","演講","","","<p>報導中國是新聞界中最艱難的任務之一，卻也至關重要</p>
<p>國際媒體如何報導中國，深深影響美國及其他政府的外交政策，並塑造全世界的輿論風向</p>
<p>3月20日新聞所邀請到首任 CNN 北京分社社長 Mike Chinoy</p>
<p>從 1940 年代國共內戰到 COVID-19 疫情</p>
<p>首任 CNN 北京分社社長 Mike Chinoy</p>
<p>在新書《中國任務》中匯集了上百位美國記者的故事</p>
<p>邀請對駐華記者職務，或對中國、新聞業及中美關係三類議題感興趣的你一同參與！</p>
<p>講座時間：3/20（三）中午12:30-下午1:30</p>
<p>報名連結：<a href=""https://forms.gle/juxhAwd7dVJmdGWC6"">https://forms.gle/juxhAwd7dVJmdGWC6</a></p>","activity-233078","News_Content_n_35498_s_233078.html","images/activities/activity-233078-1.png",""
"220142","activity","【紀錄】美國在台協會處長孫曉雅臺大演講(二)美國在台協會處長孫曉雅臺大演講： 盛讚臺灣性別平等 勉勵學子勇於展現獨特","2023-12-05","演講","","","<p>美國在台協會（AIT）處長孫曉雅（Sandra Oudkirk）2023年12月4日至國立臺灣大學演講，盛讚臺灣的民主與性別平等，面對中國的資訊戰、假訊息攻擊，也做了相當完善的保護措施。作為美國在台協會第一位女性處長，孫曉雅處長勉勵學生不受性別限制，在職場上發揮自我的獨特性。</p>
<p>演講開場時，主持人丁詩同副校長表示，臺美雙方在半導體產業、高等教育等多方面交流相當密切，臺大校長陳文章今年也兩度造訪美國，並與伊利諾大學系統、德州大學等高教機構簽署備忘錄。丁詩同副校長也提及，由美國在台協會2020年啟動的臺美教育倡議，支持許多雙向學術交流、交換學生、語文教育活動，更在臺灣致力於推動雙語教育之際，給予極大的協助。</p>","activity-220142","News_Content_n_35498_s_220142.html","images/activities/activity-220142-1.jpg",""
"220141","activity","【紀錄】美國在台協會處長孫曉雅臺大演講(ㄧ)支持臺灣民主選舉 攜手對抗網路攻擊","2023-12-05","演講","","","<p><p>國立臺灣大學新聞研究所與雙語教育中心共邀美國在台協會（AIT）處長孫曉雅（Sandra Oudkirk）以2023年度政策報告為題，於12月4日下午至臺大發表演講。孫曉雅處長回顧今年度政策、工作心得與未來規劃，並以網路安全為核心，強調臺美關係與民主價值的發展願景，作為民主盟友，美國將堅定支持臺灣，並堅信美國對臺承諾，有助維護臺海和平。</p>
<p> </p>
<p>主持人臺大副校長丁詩同歡迎孫曉雅處長前來，展開演講序幕，孫曉雅處長於1990年代開啟外交工作生涯時，首度外派之處就是臺灣，亦曾多次來訪臺大，對於學生表現與教育環境均印象深刻。談到今年度臺美合作的重要成果，孫曉雅說明了亞洲智庫交流中心（AEI）團隊與台灣的合作，旨在共同強化印太地區的繁榮發展。接著，孫曉雅處長說到，臺灣在數位創新方面的亮眼表現，讓美國擔任今年亞太經濟合作組織（APEC）主席國時，見證許多臺灣對區域夥伴的重要貢獻。</p>
<p> </p>
<p>然而，現今美國和臺灣都面臨著比起以往更具挑戰性和複雜性的區域和全球局勢，對於臺美關係的發展，孫曉雅處長重申美國將延續一個中國政策，同時，堅定支持臺海和平的立場。「美國對台灣的支持堅如磐石，具備原則性與兩黨共識的基礎，與此同時，也完全符合我們的一中政策及長期承諾。我們堅信，美國對臺灣的承諾，有助於維護臺灣海峽的和平與穩定，建構這個地區的穩定與韌性。」</p>
<p> </p>
<p>記者／徐卉馨</p>
<p><a href=""https://medium.com/@ntujour2022/美國在台協會處長孫曉雅臺大演講-支持臺灣民主選舉-攜手對抗網路攻擊-f4d94cd6a2d3"">點此往Medium閱讀</a> </p>

孫曉雅處長強調，今年度美國在台協會重要的工作目標就是增進臺美合作，共同強化網路安全(攝影/歐穎慈)

<p> </p>
<p>在這個基礎上，孫曉雅處長強調，今年度美國在台協會重要的工作目標就是增進臺美合作，面對共同的網路威脅，並肩合作以強化網路安全。孫曉雅處長分析，臺美都正在經歷嚴峻的網路攻擊，這對經濟和科技發展的危害是立即且明顯的，更影響著人們的日常生活和民主體制，「台灣主要面臨來自單一國家的網路威脅，而美國則面臨來自各種國家和非國家角色的網路威脅。」孫曉雅處長也說明，「奠基於此，拜登政府將在網路安全方面，建立與臺灣之間的互信夥伴關係，視為優先與重要的議題。」</p>
<p> </p>
<p>尤其，臺灣正值選舉季節，正是臺美合作維護民主體制的關鍵時刻，使得維持網路安全的重要性更形重要。「美國和台灣都處於民主社會前線，並努力應對信息操控、影響民主制度的傳播以及宣傳，特別是境外角色，試圖利用社交媒體和新興科技操縱公共討論、分裂公眾、影響選舉，從根本上破壞民主制度。在民主選舉進行的時期，特別令人擔憂，因為，這是自由社會選擇自己的治理方式過程。」孫曉雅處長指出，「沒有公眾信任和自由公平的選舉，我們的民主制度將無法繁榮。」</p>
</p>
<p>國立臺灣大學新聞研究所與雙語教育中心共邀美國在台協會（AIT）處長孫曉雅（Sandra Oudkirk）以2023年度政策報告為題，於12月4日下午至臺大發表演講。孫曉雅處長回顧今年度政策、工作心得與未來規劃，並以網路安全為核心，強調臺美關係與民主價值的發展願景，作為民主盟友，美國將堅定支持臺灣，並堅信美國對臺承諾，有助維護臺海和平。</p>
<p>主持人臺大副校長丁詩同歡迎孫曉雅處長前來，展開演講序幕，孫曉雅處長於1990年代開啟外交工作生涯時，首度外派之處就是臺灣，亦曾多次來訪臺大，對於學生表現與教育環境均印象深刻。談到今年度臺美合作的重要成果，孫曉雅說明了亞洲智庫交流中心（AEI）團隊與台灣的合作，旨在共同強化印太地區的繁榮發展。接著，孫曉雅處長說到，臺灣在數位創新方面的亮眼表現，讓美國擔任今年亞太經濟合作組織（APEC）主席國時，見證許多臺灣對區域夥伴的重要貢獻。</p>
<p>然而，現今美國和臺灣都面臨著比起以往更具挑戰性和複雜性的區域和全球局勢，對於臺美關係的發展，孫曉雅處長重申美國將延續一個中國政策，同時，堅定支持臺海和平的立場。「美國對台灣的支持堅如磐石，具備原則性與兩黨共識的基礎，與此同時，也完全符合我們的一中政策及長期承諾。我們堅信，美國對臺灣的承諾，有助於維護臺灣海峽的和平與穩定，建構這個地區的穩定與韌性。」</p>
<p>在這個基礎上，孫曉雅處長強調，今年度美國在台協會重要的工作目標就是增進臺美合作，面對共同的網路威脅，並肩合作以強化網路安全。孫曉雅處長分析，臺美都正在經歷嚴峻的網路攻擊，這對經濟和科技發展的危害是立即且明顯的，更影響著人們的日常生活和民主體制，「台灣主要面臨來自單一國家的網路威脅，而美國則面臨來自各種國家和非國家角色的網路威脅。」孫曉雅處長也說明，「奠基於此，拜登政府將在網路安全方面，建立與臺灣之間的互信夥伴關係，視為優先與重要的議題。」</p>
<p>尤其，臺灣正值選舉季節，正是臺美合作維護民主體制的關鍵時刻，使得維持網路安全的重要性更形重要。「美國和台灣都處於民主社會前線，並努力應對信息操控、影響民主制度的傳播以及宣傳，特別是境外角色，試圖利用社交媒體和新興科技操縱公共討論、分裂公眾、影響選舉，從根本上破壞民主制度。在民主選舉進行的時期，特別令人擔憂，因為，這是自由社會選擇自己的治理方式過程。」孫曉雅處長指出，「沒有公眾信任和自由公平的選舉，我們的民主制度將無法繁榮。」</p>","activity-220141","News_Content_n_35498_sms_26668_s_220141.html","images/activities/activity-220141-1.jpg",""
"219992","activity","【活動】 AIT處長孫曉雅演講""Cybersecurity and Disinformation""","2023-11-28","演講","","","<p>美國在台協會處長孫曉雅 網路安全與假訊息</p>
<p>臺大新聞所與雙語教育中心共同邀請到美國在台協會（AIT）孫曉雅處長</p>
<p>網際網路帶來極大的便利徹底顛覆生活</p>
<p>無論是資訊安全與紛擾難辨真假訊息都在考驗人類的社會</p>
<p>並在歲末年終之際，簡單回顧他一年美國在台協會工作的心得</p>
<p>誠摯邀請大家踴躍報名 並且多多轉發</p>
<p>活動時間：2023年12月4日 (一) 2:30 - 4:00 pm</p>
<p>活動地點：國立臺灣大學 霖澤館 國際會議廳</p>
<p>主辦單位：國立臺灣大學雙語教育中心、國立臺灣大學新聞研究所</p>
<p>協辦單位：臺灣大學哈佛學生交流會</p>","activity-219992","News_Content_n_35498_sms_26668_s_219992.html","images/activities/activity-219992-1.jpg",""
"219912","activity","【活動】科技創新與社會韌性","2023-11-28","活動","","","<p><p></p>
<p><br/>
選舉將至，社群平台充斥多方消息，你知道AI系統能怎麼協助偵測嗎？<br/>
AI生成技術還有哪些潛力等待開發和應用呢？<br/>
如果AI對社會帶來不平等的影響時，我們怎麼成為更加負責、縮小差距的使用者？又如何重新建構AI的治理規範？</p>
<p> </p>
<p>AI的進步和創新，在人際互動、訊息傳播、醫療、交通等領域帶來顯著變革，改變了我們的生活方式、工作環境、學習及訊息溝通的方式。但數位不平等、隱私倫理、訊息操控和假訊息等議題也隨之而來，因此，我們重磅邀請到許多專家來談一談AI在各領域的應用，深入分析AI如何改變我們的生活、AI如何影響這個社會，以及AI可能帶來的風險和我們應該如何去應對與治理。</p>
<p>希望最終能夠提供更具社會韌性的洞察和建議，以利未來跨領域的合作。</p>
<p> </p>
<p>日期：2023年12月1日（五）<br/>
時間：09:30~12:10、12:40~16:20<br/>
地點：臺大社會科學院梁國樹國際會議廳<br/>
主辦單位：國立臺灣大學新聞研究所、臺灣社會韌性中心<br/>
共同主辦單位：中嘉數位、優質新聞協會、財團法人中技社</p>
<p>報名連結：<a href=""https://forms.gle/pZpN9Y2ctPAQeQGP9"">https://forms.gle/pZpN9Y2ctPAQeQGP9</a><br/>
</p>
<p> </p>
<p>#年末最夯科技傳播的活動 #AI科技 #社會韌性</p>
<p> </p>
</p>
<p><br/>
選舉將至，社群平台充斥多方消息，你知道AI系統能怎麼協助偵測嗎？<br/>
AI生成技術還有哪些潛力等待開發和應用呢？<br/>
如果AI對社會帶來不平等的影響時，我們怎麼成為更加負責、縮小差距的使用者？又如何重新建構AI的治理規範？</p>
<p>AI的進步和創新，在人際互動、訊息傳播、醫療、交通等領域帶來顯著變革，改變了我們的生活方式、工作環境、學習及訊息溝通的方式。但數位不平等、隱私倫理、訊息操控和假訊息等議題也隨之而來，因此，我們重磅邀請到許多專家來談一談AI在各領域的應用，深入分析AI如何改變我們的生活、AI如何影響這個社會，以及AI可能帶來的風險和我們應該如何去應對與治理。</p>
<p>希望最終能夠提供更具社會韌性的洞察和建議，以利未來跨領域的合作。</p>
<p>日期：2023年12月1日（五）<br/>
時間：09:30~12:10、12:40~16:20<br/>
地點：臺大社會科學院梁國樹國際會議廳<br/>
主辦單位：國立臺灣大學新聞研究所、臺灣社會韌性中心<br/>
共同主辦單位：中嘉數位、優質新聞協會、財團法人中技社</p>
<p>報名連結：<a href=""https://forms.gle/pZpN9Y2ctPAQeQGP9"">https://forms.gle/pZpN9Y2ctPAQeQGP9</a><br/>
</p>
<p>#年末最夯科技傳播的活動 #AI科技 #社會韌性</p>","activity-219912","News_Content_n_35498_sms_26668_s_219912.html","images/activities/activity-219912-1.jpg",""
"215525","activity","【2023年假訊息年度調查發表暨高峰論壇1】使用查核工具辨識假訊息比例提升，中間選民是事實查核最重要的溝通對象","2023-06-10","","","","<p>臺灣事實查核基金會再度委託民間調查單位及臺大學者執行「假訊息年度調查」，結果指出民眾對於假訊息的警覺提高，使用查核工具識假的比例亦提升。調查也發現，事實查核有助於民眾釐清真實，但人們的黨派立場影響其對政治類事實查核結果的態度，因此事實查核最重要溝通的對象應是中間選民。</p>
<p>今年度調查結果於5月19日發表。調查採「混合模式」，使調查樣本跟貼近母體臺灣社會，並由臺大新聞所教授洪貞玲、謝吉隆及政治系教授張佑宗撰寫分析報告。報告指出，有83%的民眾一年內有接收到假訊息，但也有六成以上的民眾會進行查核，同時也有超過六成民眾認為即使損害言論自由，政府或平台應限制假訊息的傳遞。另今年新增「演算法透明化」及「平台為新聞付費」兩項議題，皆獲得多數民眾支持。</p>
<p>張佑宗表示，臺灣民眾在這一年超過八成收過假訊息，九成認為假訊息對社會影響嚴重。經過調查，臺灣民眾認為假訊息的來源前三名分別為政治人物、媒體工作者及境外勢力，過半民眾也認為假訊息的傳遞會降低民眾的社會及制度信任。</p>
<p>謝吉隆表示，透過這次調查發現「第三人效果」雖有微幅下降但仍明顯存在。第三人效果係指個體認為媒體對他人的影響會比對自己的影響來得大，臺灣民眾有超過六成認為他人比自己更容易受到假訊息影響。</p>
<p>謝吉隆也表示，面對假訊息的辨識，整體查核辨識經驗是提升的，尤其是在高中職教育程度及中老年人，顯見事實查核教育讓民眾辨識假訊息的方式變得更為普及。而針對事實查核的認知，洪貞玲表示使用事實查核資源的民眾仍未過半，且電訪的民眾尤低，不過整體而言對事實查核機構的公信力是肯定的。</p>","activity-215525","News_Content_n_35498_sms_26668_s_215525.html","images/activities/activity-215525-1.jpg",""
"215529","activity","【紀錄】黑暗之後的光亮：蘋果日報紀錄片《我們的黑暗時代》映後座談","2023-06-10","演講","","","<p>香港在《國安法》正式實施後，媒體環境受到嚴重限制，一些香港媒體人決定出走，到海外建立新的網路媒體，試圖將當今香港主流媒體不報的新聞，繼續報導給所有的香港人。</p>
<p>《我們的黑暗時代》是《蘋果日報》製播的2020年回顧，這是每年都會做的紀錄片。「這可能是《蘋果日報》最後一次的大事回顧。」前香港《蘋果日報》總新聞主任李家聰當時做這支影片時，這麼對同事說。當時香港《國安法》已經上路，而常批評時政的《蘋果日報》於2021年遭當局凍結資金而停刊。</p>
<p>前《蘋果日報》港聞專題組記者梁嘉麗表示，《國安法》通過第一天，她仍照常上街訪問路人看法，「外面的人很害怕，但《蘋果》裡面的人覺得不該要有恐懼，應該要去打破這個恐懼。」</p>
<p>梁嘉麗表示，她曾經寫了小小一篇香港人在海外舉「光復香港」旗幟的新聞，最終仍遭當局審查而不准寫。「內部開始有人說，警察暴力、疫情要少寫一些，沒有情緒的才可以寫。但過去《蘋果》有什麼批評政府的內容是百分百沒有情緒？有些同事覺得失望，覺得我們這樣哪裡還有批判性？」李家聰說。</p>","activity-215529","News_Content_n_35498_sms_26668_s_215529.html","images/activities/activity-215529-1.jpg",""
"215527","activity","【紀錄】在臺灣寫世界：《轉角國際》編輯如何做國際新聞？","2023-06-10","","","","<p>林齊晧也表示，臺灣人普遍較不重視國際新聞，臺灣也欠缺具國際影響力的媒體。他也提及，許多人會問他們：「如何用臺灣視角寫國際新聞？」但他認為，比起「臺灣視角」，更重要的是如何好好把故事說清楚。如安倍晉三逝世，許多臺灣媒體都提及其「友臺」的立場，但他認為關於這個人其實還有很多可以寫，「主流媒體沒有解釋的，就是我們要努力解釋的。」</p>","activity-215527","News_Content_n_35498_sms_26668_s_215527.html","images/activities/activity-215527-1.jpg",""
"215526","activity","【2023年假訊息年度調查發表暨高峰論壇2】社會對假訊息的「病識感」提高，專家呼籲共同打造信任的資訊生態圈","2023-06-10","","","","<p>由臺灣事實查核基金會委託民間調查單位及臺大社科院執行的「2023年假訊息年度調查」於5月19日發表，也邀請學者專家及政府官員對此調查發表意見。與會者表示，民眾收到假訊息的比例上升，顯見大家對假訊息的「病識感」已提升，接下來最重要的是重拾社會信任，建立良好的資訊生態圈，包含對假訊息傳遞的立法限制、要求平台演算法透明化及為新聞付費、繼續推動事實查核教育等，都是可能的方法。</p>
<p><strong>打造一個良好的資訊生態圈，提高社會信任</strong></p>
<p>「這社會對假消息的病識感是提高的。」中研院社會所所長陳志柔看完調查後表示，若不積極處理假訊息，人民對政治疏離，會對明確的立場不相信，也會不相信政治機構的訊息。臺灣事實查核中心總編審陳慧敏認為，人民對政治人物及媒體的不信任，是因為造謠者利用當今媒體求快的生態以及政治對立等現況，來對臺灣社會進行攻擊。</p>
<p>「若我們仔細想想，誰會從這些假訊息得利？大概能知道這些假訊息與中國有關。」陳慧敏表示。研究中國政治社會的陳志柔也認為，中共對台統戰越來越嚴重、越來越精細，假訊息便是其中一個面向。陳慧敏表示，有很多事實查核組織針對「銀髮族」及「青少年」進行識讀教育，從這次調查中可看出這些年齡層的民眾，對於闢謠工具有愈來愈熟悉。</p>
<p>此外，陳慧敏當今事實查核中心遇到的困境。「若我們今天查核政治類的假訊息，民眾就會上來粉專筆戰，每一則查核報告發出來就會被貼上政治顏色標籤。」她表示，開創一個理性的公共討論空間是困難的，事實查核中心仍在開發不同文體與方式，試圖與中間選民溝通。</p>
<p>陳慧敏進一步表示，除了對民眾的識讀教育與查核報告外，事實查核中心也不斷呼籲政治人物發布訊息要負查證責任，同時也對媒體進行查核教育與工具的推廣，「希望『信任』變成新的價值，讓政治人物、媒體跟讀者之間，形成共同信任的資訊生態圈。」</p>","activity-215526","News_Content_n_35498_s_215526.html","images/activities/activity-215526-1.jpg",""
"214876","activity","【紀錄】【2023年台大新聞所論壇1】全球化下的地方新聞，傳遞沒被聽見的小聲音","2023-05-13","","","","<p>全球化下，國際新聞躍上新聞版面，地方新聞人力與版面則不斷縮編。4月21日，臺大新聞所在臺大法律系霖澤館辦理論壇「全球化、地方新聞與永續發展」，第一場主題為「愈在地、愈全球 — — 台灣地方新聞現況」，會中有線電視地方台及報社記者皆表示，地方新聞仍有其價值，因為是與當地民眾最貼切相關的。</p>
<p>「在全球化各種衝突跟反思之下，重新來思考我們在地的特色是什麼。」臺大新聞所所長洪貞玲表示，論壇一場談「地方新聞」、一場談「永續發展」，希望我們作為地球村的一份子時，也能夠來關心我們生活的社區與臺灣。</p>
<p>4月21日，臺大新聞所邀請新聞媒體人與學者，在臺大法律系霖澤館辦理論壇「全球化、地方新聞與永續發展」。</p>","activity-214876","News_Content_n_35498_s_214876.html","images/activities/activity-214876-1.jpg",""
"214877","activity","【紀錄】【2023年台大新聞所論壇2】永續發展，臺灣媒體能做與應做的事","2023-05-13","","","","<p>當「永續發展」的概念在國際間愈加重視時，臺灣媒體整體而言對此關注度卻不高。4月21日，臺大新聞所在臺大法律系霖澤館辦理論壇「全球化、地方新聞與永續發展」，第二場主題為「守護台灣 — — 氣候變遷及永續發展」。會中許多媒體人皆表示，媒體人應該擔任永續發展概念的轉譯者，讓民眾更願意接近這個議題；不過永續發展概念的高專業度與跨領域，也讓記者需要花心力了解，也可能不小心傳遞錯誤資訊。</p>
<p>「在全球化各種衝突跟反思之下，重新來思考我們在地的特色是什麼。」臺大新聞所所長洪貞玲表示，論壇一場談「地方新聞」、一場談「永續發展」，希望我們作為地球村的一份子時，也能夠來關心我們生活的社區與臺灣。</p>","activity-214877","News_Content_n_35498_sms_26668_s_214877.html","images/activities/activity-214877-1.jpg",""
"214879","activity","【紀錄】拾起那些被否定掉的題目與聲音──關注公益議題的「多多益善」","2023-05-13","","","","<p><strong>關注被否定的弱勢，讓大家想看社福專題新聞</strong></p>
<p>過去在出版社擔任編輯七年的期間，某次葉靜倫想要編一本與「逃跑移工」有關的書籍時，業務部同事一句：「社會弱勢，在市場上也是弱勢。」這句話讓她一直記在心上。隨後接觸了更多社會議題、編了相關的書，認識許多NPO的朋友，讓她決定出走到NPO工作。「我還是只會做我會做的事情。」來到傳統大型NPO工作的她，協助作圖、拍影片來倡議，幫忙籌辦募款餐會等。之後到新創媒體NPost擔任主編，開始將她的媒體專業與她關心的社會議題結合。</p>
<p>「社會弱勢不只在市場上，在媒體上也是。」葉靜倫以新聞產製流程為例，第一關的「選題會」中，許多與社福、公益有關的題目，因為不被重視就被篩選掉了，她表示：「被否定的東西，你連討論的機會都沒有。」持著這樣的發現，2019年她創立了「多多益善」，希望以專題新聞的形式，關心這個社會中的弱勢議題，替弱勢群體發聲。</p>
<p>因為關注議題的取向，許多受訪者都來自高風險環境，也讓多多益善在新聞產製流程上，注重「新聞倫理」大於「新聞自由」，有時會在新聞刊出前讓受訪者確認內容，「許多報導出來後，可能會對他們造成傷害，並且後續的效應是他們在承擔的。」葉靜倫說。</p>
<p>三年多來，多多益善的專題入圍過幾次卓越新聞獎，更促成社會對話，讓法律條文被檢討、讓有問題的社福機構被淘汰。「影響力才是非營利媒體存在的價值，媒體的存在要能促進社會對話。」葉靜倫表示，只要還有人要發聲，獨立媒體就必須存在，讓「該看的新聞」變成大眾「想看的新聞」。</p>","activity-214879","News_Content_n_35498_sms_26668_s_214879.html","images/activities/activity-214879-1.jpg",""
"214878","activity","【紀錄】【在場 · 非虛構寫作獎學金 — 講座紀錄】走入生命的田野，在場的重要性","2023-05-13","演講","","","<p>當AI時代來臨，為何我們還需要走入現場？幾位非虛構寫作者以自身「在場」的經驗說明，唯有進到他人生命的田野，才能挖掘出不被看見的歷史故事，才能避免被偏頗的資訊框架住，才能真實感受到人的溫度與情緒。</p>
<p><strong>從阿嬤的故事，看見臺灣礦業的縮影</strong></p>
<p>「我以為那是垃圾信。」戴伯芬於電子郵件中看到「在場」獎學金的資訊時，一度以為是詐騙訊息，不過深入了解後，讓她下定決心提案申請，因為她剛好想要寫她阿嬤的故事。</p>
<p>戴伯芬的外婆張曾桂女士曾經是臺灣的女礦工，一生與臺灣礦業的興盛綁在一起。「臺灣有女礦工嗎？女性下礦坑不是禁忌嗎？」戴伯芬持著這個問題意識，深度訪談了解自己阿嬤張曾桂擔任女礦工的故事。她發現當時女礦工要做的事情與男礦工無異，但薪水較低，且在男性為主的工作環境中易受性騷擾。張曾桂的先生35歲便因礦災去世，她一肩扛起四個孩子與一個婆婆的家庭，在礦場工作到退休。</p>
<p>顧玉玲引用班雅明的比喻，說故事的人有兩種人，一種是在當地深耕的農夫，一種是到外地採集的水手，而本次講座的戴伯芬就是農夫代表，而陳映妤就是水手代表。</p>
<p>無論在哪種田野環境中，顧玉玲表示，田野永遠沒有夠的時候，「我只能掌握目前我所知道的資訊，盡其可能靠近真實，但也不要壟斷真實，因為真實一直在改變當中。」她進一步表示，田野讓人了解自身的侷限性，發現原來不知道的事還這麼多，必須盡可能鬆開視野的邊界。</p>
<p>第三季「在場 · 非虛構寫作獎學金」徵件時間至6月1日截止，張潔平鼓勵有志從事華文非虛構寫作的朋友，可以在時間內至官網提交寫作計畫報名申請。</p>","activity-214878","News_Content_n_35498_s_214878.html","images/activities/activity-214878-1.jpg",""
"212684","activity","【活動】全球化、地方新聞與永續發展","2023-05-13","活動","","","<p>
<p>臺大新聞所論壇</p>
<p>主題：「全球化、地方新聞與永續發展」</p>
<p>時間：2023.4.21 (Fri)</p>
<p>地點：台大法律學院霖澤館國際會議廳</p>
<p>報名連結：https://forms.gle/hLdroLysqsSTzNfu5</p>
<p> —————————————————————</p>
<p>流程</p>
<p>13:30-14:00pm 簽到</p>
<p>14:00-14:10pm 開幕</p>
<p>14:10-15:30 pm  主題一、愈在地、愈全球--台灣地方新聞現況</p>
<p>15:40-17:00 pm  主題二、守護台灣--氣候變遷及永續發展</p>
<p> —————————————————————</p>
<p>主題一：愈在地、愈全球--台灣地方新聞現況 </p>
<p>討論題綱：探討現今台灣地方新聞的發展現況、問題、挑戰；地方媒體如何透過新聞報導與公民參與互動；探討地方新聞在數位化時代下的未來發展方向或轉型策略</p>
<p>主持：郭文忠／國立臺北大學經濟學系教授</p>
<p>講者：徐雪玲／中嘉寬頻聯製處雙北系統台總經理        </p>
<p>           周旭毅／台數科集團新聞部副總經理</p>
<p>           劉力仁／自由時報生活中心主任</p>
<p>主題二：守護台灣--氣候變遷及永續發展</p>
<p>討論題綱：1.播放紀錄片「星星之火2：風起-新聞人的永續使命」，說明媒體對於永續發展的角色。2.台灣媒體投入氣候變遷、農業再造等永續發展議題的實踐與挑戰。</p>
<p>主持：周桂田／臺大風險社會與政策研究中心主任</p>
<p>講者：張瑞玲／蕭同茲先生文化基金會董事</p>
<p>           梁玉芳／願景工程基金會總監</p>
<p>           彭光偉／三立《消失的國界》資深記者</p>

</p>
<p>主題：「全球化、地方新聞與永續發展」</p>
<p>時間：2023.4.21 (Fri)</p>
<p>地點：台大法律學院霖澤館國際會議廳</p>
<p>報名連結：https://forms.gle/hLdroLysqsSTzNfu5</p>
<p> —————————————————————</p>
<p>13:30-14:00pm 簽到</p>
<p>14:00-14:10pm 開幕</p>
<p>14:10-15:30 pm  主題一、愈在地、愈全球--台灣地方新聞現況</p>
<p>15:40-17:00 pm  主題二、守護台灣--氣候變遷及永續發展</p>","activity-212684","News_Content_n_35498_sms_26668_s_212684.html","images/activities/activity-212684-1.png",""
"213229","activity","【紀錄】德國學者 Jeanette Hofmann 談數位治理 應對平台問責並善加處理不法內容","2023-03-25","","","","<p>Hofmann 是德國紅堡德網路與社會研究所（The Humboldt Institute for Internet and Society）創所執行長，專長歐盟數位治理、德國數位法制以及網路與民主的關係，亦積極參與歐盟立法諮詢及公民社會活動。本次演講係由臺大臺灣歐盟中心及臺大新聞所共同主辦，吸引臺大、政大在內的師生十餘人參與。臺大新聞所所長洪貞玲、臺大臺灣歐盟中心執行長鄭家慶擔任主持人，就臺灣近來因應不實訊息的做法以及去年啟動的《數位中介服務法》立法等議題，與 Hofmann 進行交流。</p>
<p>Hofmann 整理歐盟數位法制，目前共有十五項法案之多（註）。法案重點為維持數位市場競爭、防範數位科技侵害民主、確保國家安全。如《數位市場法》將具市場控制力量的平台，界定為「特定守門人（designated gatekeeper）」，規範其行為義務；《數位服務法》更進一步區分不同規模平台的責任，要求平台提高透明度，並提出不當內容的因應機制。</p>
<p>Hofmann 指出，因應不實訊息的兩難在於，政府依賴平台進行資料分析，並下架不法內容，而平台認為他們無法辨識及決定不實訊息。不實訊息與惡意操控訊息的區別，確實有其難度。但平台問責是好事，應課予更多的透明性，好好地處理不法內容。</p>
<p>Hofmann 來臺一個月，訪談多位本地學者專家，也針對本地脈絡提出解方。「很多人跟我說，問題可能不是不實資訊本身，而是整個媒體的環境讓不實資訊壯大。我們需要一個除了規管不實資訊以外的解方。」Hofmann 認為，當一個社會有好的公共論述時，就不會被不實資訊擊倒，所以她建議媒體應該要教育記者，改善勞動條件、制定行為準則，並做好事實查核的訓練。</p>
<p>另外，她也觀察到，臺灣人似乎不太關心國內外重要時事，也缺乏讓社會普遍覺得有公信力的報章媒體。她表示，現在的社會需要創新的新聞媒體，在內容上可以是以調查報導為主，在營運上可以用基金會或訂閱制等方式，用新型態的媒體來改善整個社會的資訊傳播鏈。</p>","activity-213229","News_Content_n_35498_s_213229.html","images/activities/activity-213229-1.jpg",""
"211979","activity","【紀錄】諾貝爾和平獎得主Maria Ressa紀錄片，展現媒體人逆流的勇氣與希望","2023-03-03","","","","<p>在不實資訊滿天飛的世代，你對新聞媒體是否還抱持希望？2月22日，臺大新聞所學生會與臺灣事實查核教育基金會合作，主辦《A Thousand Cuts》紀錄片放映會。該片揭露在菲律賓杜特蒂強人政權下，獨立新聞媒體Rappler因批評時政而遭迫害，創辦人瑪麗亞．瑞薩（Maria Ressa）雖被判刑但仍堅守其對新聞的價值，於2021年獲頒諾貝爾和平獎。</p>
<p>放映會由社科院四系學生會協辦，吸引一百多名學生參與。</p>
<p><strong>強權政府卻讓人民充滿笑容 堅守的價值是對還是錯</strong></p>
<p>紀錄片中，瑞薩於編輯室內對所有記者問：「我們有希望嗎？（Do we have hope?）」劉致昕表示，看完這句話他心裡很沉重，也不覺得這只發生在菲律賓而已。他向大家提問：「你們如果在那個編輯室裡面，你的總編輯問你：『Do we have hope?』，你們會接什麼？」</p>","activity-211979","News_Content_n_35498_s_211979.html","images/activities/activity-211979-1.jpg",""
"209113","activity","【紀錄】數位傳播新趨勢論壇（二）：資訊操控危及民主 應完善管制與查證能力","2023-01-15","","","","<p>隨著疫情、選舉、中國議題成為近期台灣社會的關注焦點，相關假消息、陰謀論也在網路上擴大流傳。面對不實訊息，學者建議從科技、法律面向管制，也指出媒體的自我培力及民眾的識讀能力，才是因應資訊危機的重要關鍵。</p>
<p>臺大新聞所在12月9日的年度研討會中，除了探究媒體在數位洪流下如何因應、轉型，也針對資訊操作及平台責任等議題進行討論。臺灣大學新聞研究所副教授謝吉隆指出，資訊操作的議題涵蓋層面非常廣泛，包括假新聞議題、選舉網軍、疫情陰謀論、中國銳實力及大外宣，都對台灣社會造成影響。因此，媒體在其中所扮演的角色，就變得格外重要。</p>
<p>「台灣民眾相信陰謀論的傾向遠超於日本、韓國，」臺灣大學政治系副教授童涵浦研究新冠疫情期間的陰謀論與媒體傳播現象，他表示，陰謀論不一定有很明確的對錯，比如坊間常聽到的「新冠肺炎是生化武器」論述，表面上聽起來或許有幾分真實，但還需要更多證據去佐證，而這就是陰謀論最鮮明的特色。「（陰謀論）最關鍵的不是真假，而是它總會將某個現象連結到某一個群體，進而表示那個群體是為了得到好處，有非常強烈的意向性。」他進一步說明，若某些人在此事件中被孤立，或是對現象產生懷疑，而資訊又不透明公開時，就愈有可能接收陰謀論，政府也就更難以防疫政策說服民眾。</p>
<p>關於資訊對民眾的影響力，政治相關議題無疑是主戰場。政治大學國家發展研究所助理教授黃兆年以「銳實力」描述中國資訊操作對台灣的影響力，意指用強勢的手段，去改變目標對象的認知。他指出，境外資訊操作力量主要有三種特性，分別是資金操作的隱蔽性、對目標社會的滲透性，以及資金資訊交流上的不對稱性。「中國資訊可以利用台灣網路自由環境進入，而台灣在這方面是相對吃虧的，」黃兆年認為，中國的網路自由度低、資金交流封閉，因此他們會積極動員特定或非特定的「在地協力者」，如親中台商、台媒或網紅，進行置入性行銷。</p>
<p>黃兆年也建議，除了將網路媒體納入管制，需揭露政治廣告來源，另一方面也要積極培力台灣的媒體產業，以獎補助、合理分潤的方式促進好的產業生態。中正大學資訊工程系助理教授王銘宏則以2018年地方選舉期間的網路活動為例，提出若電腦能聚集假訊息，並進行一次性的澄清及管理，「相信能夠大大增加查核人員進行質化調查的效率。」</p>
<p>談到政府對網路言論的介入與管制，學者也對《數位中介法》草案引發的爭議提出看法。臺灣大學法律系副教授蘇慧婕認為，數位傳播生態改變，必然造成對法律規範體系的挑戰。「平台是社會，也是市場本身，我們就生活在其中。」區塊鏈社群平台Matters創辦人張潔平也點出，平台治理的核心，其實就是一種對數位社會的治理。</p>","activity-209113","News_Content_n_35498_sms_26668_s_209113.html","images/activities/activity-209113-1.jpg",""
"209112","activity","【紀錄】數位傳播新趨勢論壇（一）：新聞媒體面對數位浪潮 力求轉型及優化讀者體驗","2023-01-15","","","","<p><p>數位浪潮下民眾接收新聞的習慣改變，也危及傳統媒體的營收及影響力。該如何因應平台對傳統媒體經營型態的破壞，學者專家及媒體業者認為，應致力於產製優質內容、加速數位轉型，並優化閱聽人體驗，同時也應向平台爭取合理的分潤以維繫生存。</p>
<p>記者／劉騏瑋</p>
<p><a href=""https://medium.com/@ntujour2022/%E6%95%B8%E4%BD%8D%E5%82%B3%E6%92%AD%E6%96%B0%E8%B6%A8%E5%8B%A2%E8%AB%96%E5%A3%87-%E4%B8%80-%E6%96%B0%E8%81%9E%E5%AA%92%E9%AB%94%E9%9D%A2%E5%B0%8D%E6%95%B8%E4%BD%8D%E6%B5%AA%E6%BD%AE-%E5%8A%9B%E6%B1%82%E8%BD%89%E5%9E%8B%E5%8F%8A%E5%84%AA%E5%8C%96%E8%AE%80%E8%80%85%E9%AB%94%E9%A9%97-2cb06141b4c"">點此往Medium閱讀</a></p>




學者專家、媒體主管齊聚一堂，討論數位時代下的媒體實踐。（攝影／歐穎慈）

<p>臺大新聞所於12月9日舉行年度研討會，以數位時代下的傳播新趨勢為題，邀集學者專家、媒體主管共同探討新聞實踐、資訊操控及平台管理等議題。應邀發表專題演講的公共電視董事長胡元輝指出，公共媒體應承擔「為民主服務」的使命，以及透過發展OTT平台進行數位轉型的目標，除了製作更多優質原創內容、加速數位轉型，也應從組織角度思考如何擴大自身影響力。</p>
<p>臺灣大學新聞所教授、國家通訊傳播委員會委員林麗雲表示，媒體轉型與民主政治緊密相連，「在媒體數位化轉型、平台化時代來臨的當下，民主政治是否可以在這個過程中深化，就變成重要的觀察點。」平台的蓬勃發展，限制了大眾對公共媒體的擴大想像。她認為，這需要透過長期的論述，包括思考新聞議價，以及從中建立數位公地（digital commons）的可能性。</p>
<p>新上任半年的公共電視董事長胡元輝說，公視的使命除了與民眾產生連結，更希望能做到感動人民。他進一步提出兩種公共想像的辯證，包括公共媒體承擔「為民主服務」的使命，以及透過發展OTT平台進行數位轉型的目標。「公視應該超越多樣性，滿足這個社會裡所有族群的需求。」胡元輝指出，公共媒體除了新聞資訊的傳遞服務，更應負起培育、促進公民參與的責任。體質小而美的公視，雖然擁有15%高黏著度的忠誠粉絲，近年在戲劇上的表現也非常亮眼，卻依舊面臨商業媒體獨大的媒體現況。「理想的媒體結構，應該是公共電視、商業電視與另類媒體的三足鼎立，而非獨大、偏厚哪一方。」</p>




林麗雲、胡元輝皆認為，社會對公共媒體的未來可能需有更多想像。（攝影／歐穎慈）

<p>同樣身為公廣集團一員，華視總經理藍宜禎認為，面對數位轉型的洪流，唯有好的內容才能吸引到閱聽眾，「我們以開精品店的精神，做好每一條新聞。」在產製新聞的實務面，華視不希望為了搶即時，發布未經求證或破碎式的訊息，注重事件的完整敘事。</p>
<p>ETtoday總編輯林妏純則表示，在流量當道的媒體環境中，社群守則已經漸漸等同編輯方針，對傳統媒體來說，不論社群人力、內容產製或營收都是挑戰。她觀察到疫情之後台灣閱聽眾愈來愈習慣閱讀長篇文章，相信深度報導仍有其重要性，「若閱聽眾對好內容的需求提升，也會促進新聞產製的改變。」</p>




林妏純觀察到，疫情後人們愈來愈能接受長篇、深度的專題報導。（攝影／歐穎慈）

<p>自由時報總編輯鄒景雯則指出，從報紙到網路媒介的轉換，需要不同的經營邏輯。「過去報紙透過分版滿足不同讀者需求，但有了平台之後，新聞聚合效應加劇，對閱聽人來說是一種養、套、殺。 」她認為，平台效應擴大的此刻，媒體如何利用平台機制將閱聽眾導流回新聞網站，就是一大重點。以自由時報的做法來說，除了積極製作好內容，讓人們願意付費，也透過閱讀集點活動、使用者體驗優化留住讀者，「這些都是在科技霸凌時代下，（我們）身為數位佃農的生存之道。」不過鄒景雯也坦言，自由時報執行數位轉型的步調偏慢，原因是希望能先採觀望策略，在因應數位匯流趨勢下，也力求紙本報紙的永續存在。</p>




鄒景雯坦言，自由時報依然希望能兼顧報紙與數位內容的發展。（攝影／歐穎慈）

<p>當平台浪潮來襲時，許多媒體雖以各自方式適應變動，但平台本身的運作機制及帶來的威脅也需要被正視。政治大學新聞系教授劉昌德根據9月時公布的「數位平台對出版業新聞媒體之影響」調查報告結果，指出平台不僅影響閱聽習慣，更對新聞媒體營收造成威脅，這也導致報業營收十年腰斬、雜誌整體營收衰退一成。「平台對媒體營收有破壞性影響，但同時媒體也對平台非常依賴，」劉昌德坦言，媒體在產製內容時不只受平台制約，平台數據也成為評斷記者、編輯KPI（關鍵績效指標）的核心。他認為，短期內希望能促進媒體與平台業者間的平等協商，進而提倡新聞收益的合理分潤，會是比較可行的應對方式。</p>
</p>
<p>數位浪潮下民眾接收新聞的習慣改變，也危及傳統媒體的營收及影響力。該如何因應平台對傳統媒體經營型態的破壞，學者專家及媒體業者認為，應致力於產製優質內容、加速數位轉型，並優化閱聽人體驗，同時也應向平台爭取合理的分潤以維繫生存。</p>
<p>臺大新聞所於12月9日舉行年度研討會，以數位時代下的傳播新趨勢為題，邀集學者專家、媒體主管共同探討新聞實踐、資訊操控及平台管理等議題。應邀發表專題演講的公共電視董事長胡元輝指出，公共媒體應承擔「為民主服務」的使命，以及透過發展OTT平台進行數位轉型的目標，除了製作更多優質原創內容、加速數位轉型，也應從組織角度思考如何擴大自身影響力。</p>
<p>臺灣大學新聞所教授、國家通訊傳播委員會委員林麗雲表示，媒體轉型與民主政治緊密相連，「在媒體數位化轉型、平台化時代來臨的當下，民主政治是否可以在這個過程中深化，就變成重要的觀察點。」平台的蓬勃發展，限制了大眾對公共媒體的擴大想像。她認為，這需要透過長期的論述，包括思考新聞議價，以及從中建立數位公地（digital commons）的可能性。</p>
<p>新上任半年的公共電視董事長胡元輝說，公視的使命除了與民眾產生連結，更希望能做到感動人民。他進一步提出兩種公共想像的辯證，包括公共媒體承擔「為民主服務」的使命，以及透過發展OTT平台進行數位轉型的目標。「公視應該超越多樣性，滿足這個社會裡所有族群的需求。」胡元輝指出，公共媒體除了新聞資訊的傳遞服務，更應負起培育、促進公民參與的責任。體質小而美的公視，雖然擁有15%高黏著度的忠誠粉絲，近年在戲劇上的表現也非常亮眼，卻依舊面臨商業媒體獨大的媒體現況。「理想的媒體結構，應該是公共電視、商業電視與另類媒體的三足鼎立，而非獨大、偏厚哪一方。」</p>
<p>同樣身為公廣集團一員，華視總經理藍宜禎認為，面對數位轉型的洪流，唯有好的內容才能吸引到閱聽眾，「我們以開精品店的精神，做好每一條新聞。」在產製新聞的實務面，華視不希望為了搶即時，發布未經求證或破碎式的訊息，注重事件的完整敘事。</p>
<p>ETtoday總編輯林妏純則表示，在流量當道的媒體環境中，社群守則已經漸漸等同編輯方針，對傳統媒體來說，不論社群人力、內容產製或營收都是挑戰。她觀察到疫情之後台灣閱聽眾愈來愈習慣閱讀長篇文章，相信深度報導仍有其重要性，「若閱聽眾對好內容的需求提升，也會促進新聞產製的改變。」</p>
<p>自由時報總編輯鄒景雯則指出，從報紙到網路媒介的轉換，需要不同的經營邏輯。「過去報紙透過分版滿足不同讀者需求，但有了平台之後，新聞聚合效應加劇，對閱聽人來說是一種養、套、殺。 」她認為，平台效應擴大的此刻，媒體如何利用平台機制將閱聽眾導流回新聞網站，就是一大重點。以自由時報的做法來說，除了積極製作好內容，讓人們願意付費，也透過閱讀集點活動、使用者體驗優化留住讀者，「這些都是在科技霸凌時代下，（我們）身為數位佃農的生存之道。」不過鄒景雯也坦言，自由時報執行數位轉型的步調偏慢，原因是希望能先採觀望策略，在因應數位匯流趨勢下，也力求紙本報紙的永續存在。</p>
<p>當平台浪潮來襲時，許多媒體雖以各自方式適應變動，但平台本身的運作機制及帶來的威脅也需要被正視。政治大學新聞系教授劉昌德根據9月時公布的「數位平台對出版業新聞媒體之影響」調查報告結果，指出平台不僅影響閱聽習慣，更對新聞媒體營收造成威脅，這也導致報業營收十年腰斬、雜誌整體營收衰退一成。「平台對媒體營收有破壞性影響，但同時媒體也對平台非常依賴，」劉昌德坦言，媒體在產製內容時不只受平台制約，平台數據也成為評斷記者、編輯KPI（關鍵績效指標）的核心。他認為，短期內希望能促進媒體與平台業者間的平等協商，進而提倡新聞收益的合理分潤，會是比較可行的應對方式。</p>","activity-209112","News_Content_n_35498_s_209112.html","images/activities/activity-209112-1.jpg",""
"206661","activity","【紀錄】張乾琦談烏克蘭戰地攝影：面對不公不義 我有責任去紀錄","2022-11-25","","","","<p>今年61歲的張乾琦，被譽為「帶著相機的詩人」，是全球頂尖紀實攝影組織「馬格蘭攝影通訊社」（Magnum Photos）的終身會員，也是唯一的台灣人。他的重要作品，包括紀錄高雄龍發堂患者的《鍊》、紐約華人非法勞工的《唐人街》。今年俄烏戰爭爆發後，張乾琦深入戰地紀錄，並於《鏡周刊》發表〈前線的前線〉攝影作品，獲得卓越新聞獎系列新聞攝影獎。</p>
<p><strong>前往俄烏開戰前線，「我有責任去紀錄這一切」</strong></p>
<p>今年2月24日，俄烏戰爭開打。張乾琦在3月初就到達烏克蘭紀錄，身為台灣人，他認為這是一場不公不義的入侵，「我覺得我有責任，也需要去紀錄。」身處戰場中的他目睹大量的炸彈、導彈襲擊，讓許多民眾被迫離開家園，「有些人甚至晚飯吃到一半就開始逃，」眾多烏克蘭人民由東向西遷徙，逃到離波蘭較近的城市。張乾琦透過與當地民眾對話，了解人們長途逃難的艱辛、骨肉分離的悲傷，更直擊許多傷者治療現場。</p>
<p>面對戰爭場景，他選擇用相機一一紀錄，並試著不讓過多情緒影響拍攝工作，「這是一種專業的長久養成吧。如果面對這種情況只有情緒，導致沒辦法構圖，那可能就要考慮轉行了。」當與會者問到，面對殘酷的戰爭現場，是否會有拍攝與否的道德掙扎？張乾琦則篤定地回答，「我如果不去紀錄，才有道德問題。」他表示，成家後雖對較危險的拍攝機會有所顧慮，「但是我必須要這麼做，才能誠實面對自己、面對我的孩子。」在烏克蘭時，他幾乎每天與孩子視訊，讓他們知道自己很平安。</p>
<p>戰亂時局，急救課程變成全民必備技能；身為一名記者，在危機四伏的戰地更需要時時注意自身安全。除了鋼盔、防彈背心，張乾琦現場示範了止血繃帶的折法，「在緊急狀況下，急救裝備的快速上手是很重要的。」他也提到，記者前往戰地採訪時，「Fixer」（協助外國記者在當地採訪的助手）的角色格外關鍵。「有些Fixer能帶你到一些特別的地方，不需要透過國防部，走的甚至是地圖上找不到的路。」但他坦言，並沒有所謂絕對安全的地方，有時太過小心，反而會錯失許多重要瞬間。因此，如何在確保人身安全的情況下捕捉到好畫面，是每個戰地攝影記者都需面臨的課題。</p>
<p>張乾琦的作品，多為長期在田野蹲點的拍攝成果，這也成為一種個人特色。「我記得有一位攝影師問我，What’s your style? 我說，I don’t have style. Just stay longer.」正如他從1992年開拍的《唐人街》系列，現在依舊持續進行中。他認為，即使手機拍照方便快速，但這類以資訊傳遞為主的即時發布，畢竟與長期的計畫拍攝依然有本質上的差異，因此「蹲點」依然有其必要性。當不拿相機的時候，張乾琦也持續透過雙眼「構圖」，從觀察世界中找尋靈感。</p>
<p>在張乾琦的作品中，「人」是最主要的拍攝對象。進行人物攝影時，他認為偷拍絕對無法得到好照片，「攝影倫理是長久養成的，那是一種對人的尊重。」他坦言自己不喜歡用長鏡頭，反而喜歡在距離事件現場最近的地方，拍下最真實、最動人的作品。</p>
<p>今年4度前往烏克蘭的經驗，張乾琦感受最多的是當地人的團結。「不只整個國家的士氣愈來愈高，許多年輕人也都覺得『這是我們國家的戰爭，我們要自己打』。」他說，台灣應該感謝烏克蘭，「因為俄烏戰爭，台灣得以爭取更多時間。」</p>
<p>雖已離開烏克蘭，但張乾琦卻坦言，心理上的「離開」是最困難的一件事。「那種戰爭記憶已經變成身體記憶，不容易紓壓。」連在家聽見洗衣機運轉聲，都讓他想起警報聲響。俄烏戰爭至今已達8個月，面對外界認為「台灣會不會成為下一個烏克蘭」的擔憂，張乾琦以其戰地拍攝的經驗，簡單下了一個註解：「想要避戰，其實就是全面備戰。」</p>","activity-206661","News_Content_n_35498_sms_26668_s_206661.html","images/activities/activity-206661-1.jpg",""
"206628","activity","【活動】數位傳播新趨勢：新聞實踐、資訊操控危機與平台管理政策","2022-11-24","活動","","","<p>
<p>【臺大新聞所研討會】數位傳播新趨勢：新聞實踐、資訊操控危機與平台管理政策</p>


<p>時間: 2022. 12.9 (Fri)  9:00-16:20 </p>


<p>地點: 臺大法律學院霖澤館國際會議廳</p>


<p>報名連結：<a href=""https://forms.gle/ujzbskTkWSKJcTiw5"">https://forms.gle/ujzbskTkWSKJcTiw5</a></p>


<p> </p>


<p><strong>流程</strong></p>


<p>9:00-9:20 am  開幕</p>


<p>9:20-10:20 am專題演講</p>


<p>10:30-12:00 am 主題座談一、平台化的新聞實踐與使用者互動</p>


<p>12:00-1:00 pm  午餐</p>


<p>1:00-2:30 pm  主題座談二、數位新聞時代的資訊操縱</p>


<p>2:40-4:10 pm  主題座談三、數位平台責任與管理對策</p>


<p>4:20 pm   閉幕</p>


<p> </p>


<p><strong>開幕</strong></p>


<p>主持人: 洪貞玲 / 臺灣大學新聞所教授兼所長</p>


<p> </p>


<p><strong>專題演講 媒體轉型與民主永續</strong></p>


<p>主持人: 林麗雲 / 臺灣大學新聞所教授</p>


<p>主講人: 胡元輝 / 公共電視董事長</p>


<p> </p>


<p><strong>主題座談</strong></p>


<p><strong>主題一、平台化的新聞實踐與使用者互動</strong></p>


<p>【概念：新聞媒體的生存策略與現存困難，新聞媒體眼中的讀者，讀者在哪裡？讀者眼中的新聞？】</p>


<p>主持人: 蔡蕙如 / 臺灣大學新聞所助理教授</p>


<p>與談人: 鄒景雯 / 自由時報總編輯</p>


<p>　　　  藍宜禎 / 華視總經理</p>


<p>　　　  林妏純 / ETTODAY 總編輯</p>


<p> </p>


<p><strong>主題二、數位新聞時代的資訊操縱</strong></p>


<p>【概念：數位時代形成新的資訊操控模式，認知作戰透過社群與媒體生態系統，對群眾意識形態造成短期與長期的影響。當前資訊操控模式為何? 媒體角色? 造成影響? 如何因應?】</p>


<p>主持人: 謝吉隆 / 臺灣大學新聞所副教授</p>


<p>與談人: 童涵浦 / 臺灣大學政治系副教授</p>


<p>　　　  黃兆年 / 政治大學國家發展研究所助理教授</p>


<p>　　　  王銘宏 / 中正大學資訊工程系助理教授</p>


<p> </p>


<p><strong>主題三、數位平台責任與管理對策</strong></p>


<p>【概念：數位平台的市場力與影響力巨大，加強平台問責與管理，成為國際趨勢。台灣近來推動的平台立法引發爭議，如何評價? 合理的因應對策為何?】</p>


<p>主持人: 洪貞玲 / 臺灣大學新聞所教授</p>


<p>與談人: 張潔平 / 區塊鏈社群平台 Matters 創辦人</p>


<p>　　　  蘇慧婕 / 臺灣大學法律系副教授</p>


<p>　　　  劉昌德 / 政治大學新聞系教授</p>

</p>
<p>【臺大新聞所研討會】數位傳播新趨勢：新聞實踐、資訊操控危機與平台管理政策</p>
<p>時間: 2022. 12.9 (Fri)  9:00-16:20 </p>
<p>地點: 臺大法律學院霖澤館國際會議廳</p>
<p>報名連結：<a href=""https://forms.gle/ujzbskTkWSKJcTiw5"">https://forms.gle/ujzbskTkWSKJcTiw5</a></p>
<p>9:00-9:20 am  開幕</p>
<p>9:20-10:20 am專題演講</p>
<p>10:30-12:00 am 主題座談一、平台化的新聞實踐與使用者互動</p>
<p>12:00-1:00 pm  午餐</p>
<p>1:00-2:30 pm  主題座談二、數位新聞時代的資訊操縱</p>","activity-206628","News_Content_n_35498_s_206628.html","images/activities/activity-206628-1.jpg",""
"205928","activity","【紀錄】外媒記者經驗分享：當能力俱足，機會就是你的","2022-11-01","","","","<p><strong>從日常精進語言能力，培養多元技能</strong></p>
<p>想進入外媒工作，語言能力是基本條件。蔣曜宇建議，平時盡量身處英文環境，透過長期的閱讀與寫作累積實力。在實務應用方面，鄒宗翰指出，由於每家媒體性質不同，因此了解受眾是誰很重要，「不論以什麼語言、什麼方式報導，在轉譯上都要做到信、雅、達，精準傳遞訊息。」他建議多利用豐富的寫作工具與學習資源，或參考得獎新聞作品。若已在業界工作，則要針對每次編輯的改稿多問多學，才能有效進步。</p>
<p>鄒宗翰觀察，近年來媒體對人才的需求已從單一專業轉向多元能力，「在這個時代，能力愈多，愈不會被拋棄。」進入外媒前，他已擁有主持、拍攝、剪輯、寫稿、企劃等多重技能。正因為這些經驗，讓他更了解不同新聞產製階段的細節，並獲得《德國之聲》的工作機會，「當能力俱足，機會就是你的。」</p>
<p><strong>善用社群平台經營自媒體，當機會來臨就主動爭取</strong></p>
<p>許多同學好奇，要有怎樣的契機才能進入外媒？楊晧暐與鄒宗翰坦言，其實沒有所謂統一的管道，很多時候甚至是種機緣，唯有持續地累積作品與經驗，才有更多機會被看見。楊晧暐強調，必須主動去做對未來職涯有幫助的作品，將過往經歷轉換成能應用到外媒的能力。他曾經與夥伴創立台灣議題的 Podcast 與網站，不僅逐漸做出口碑、吸引外媒轉載，也讓《Buzzfeed》的工作機會主動找上門。「對外媒而言，他們很重視動機，也就是你是不是真的喜歡這個工作。」Kassy Cho 建議，可善用社群媒體平台發表觀點與作品，從中展現熱情。</p>
<p>面對不同工作機會的抉擇，Kassy Cho 則認為有一顆開放的心是很重要的，「Try not to be picky！」她曾在 ICRT 廣播電台擔任主持人，當時的聲音訓練經驗，對現在經營社群媒體、寫腳本都很有幫助。Kassy Cho 也以自己花了8個月爭取到《Buzzfeed》工作的經驗為例，強調若遇到嚮往的機會，不妨自我推薦、持續追蹤，別輕易放棄。</p>
<p><strong>展現個人獨特視角、了解中國議題是進入外媒的必須</strong></p>
<p>累積能力的同時，如何從中凸顯個人特色，也是外媒著重的一大關鍵。楊晧暐指出，外媒想要的是能為機構「加值」的人才，因此在社群平台經營個人品牌，就變得格外重要，「使用 social media 是需要很有策略性的，不是想寫什麼就發。當你還沒沒無聞時，要善用這些平台去證明自己擁有獨特的觀點。」</p>
<p>觀點的特殊性，還能透過新聞切角展現。像是蔣曜宇曾寫過一篇關於 2020 年總統大選期間「來去總統府住一晚」活動的報導，從社群媒體與網路曝光的角度探討選舉策略；Kassy Cho 則是採用活動企劃的元素報導 2018 年的英國皇室婚禮，以有趣輕鬆的方式呈現新聞。</p>
<p>身為台灣記者，中文母語能在外媒的工作環境帶來優勢。蔣曜宇認為最大好處在於能第一線掌握中文資訊，「在相關議題上，你就成了外媒記者中比較有知識資源去解讀消息的人。」楊晧暐也指出，由於外媒的中文網受眾主要是沒有新聞自由環境的中國閱聽眾，因此對於在台外媒記者來說，處理中國新聞的比例佔大多數。「對中國議題要有一定的興趣，這是進入外媒前需要特別思考的一點。」他建議同學可以多吸收東亞區域研究專業知識，例如新聞所張潔平老師的「兩岸三地新聞專題」課程，或是參加演講，都是很好的學習管道。</p>","activity-205928","News_Content_n_35498_s_205928.html","images/activities/activity-205928-1.jpg",""
"205215","activity","【紀錄】新聞所學生分享出國交換經驗 建議善用校內獎助資源 依據自身需求與興趣選擇校系","2022-09-29","","","","<p>臺大的交換學習資源，分布在校級、院級甚至是各科系層級，琳瑯滿目的校系名單該如何選擇？每個同學的考量與策略不同。目前在日本神戶大學交換的林綺薇表示，相較於院級交換，校級最大的好處是可以擁有較多科系選擇。至德國漢堡大學交換的吳玲臻採取雙軌並行的申請方式，在校級以德語組管道申請德國大學，在院級則以一般組身分申請其他歐洲學校，提高自己錄取的機會。已經完成交換學習回台的吳穗𦻱則表示，她是透過社科院院級交換管道申請，主要是認定院級提供的交換學校根特大學社科院是她出國的首選。</p>
<p>林綺薇認為，「選系」是申請過程中最重要的事。雖然交換系所不一定要跟原科系相同，「還是盡量要選與原科系相關的系所，否則就算在臺大甄選通過，若選不到能修的課，還是有可能會被對方拒絕。」此外，若想在日本修習新聞學相關課程，須留意部分課程內容偏向傳播科技技術領域。</p>
<p>如何考量交換學校的語言要求？赴日的林綺薇以日檢N2的語言能力參加甄選。她指出，雖然多數日本大學有英語授課課程，但同儕也相對會是交換生居多。她建議，會日文的同學不妨嘗試選擇日語授課的班級，才能更直接地融入當地的學習環境。</p>
<p><strong>履歷中展現熱情，選校系思考自身需求</strong></p>
<p>吳玲臻坦言，在決定甄選前曾面臨內心掙扎，「碩士階段會想趕快完成論文，然後順利畢業並就業，但在申請過程中也發現選擇在這個階段交換的人其實並不少，」她認為只要思考清楚時間成本與生活安排，便可以勇敢嘗試，「它（交換）就是一個生活體驗。」她建議，出國前最好能先確立研究方向，也須與指導教授商量好日後討論的形式。</p>
<p>關於履歷表，吳玲臻建議可以凸顯自身的好奇心與熱情，動機也需盡量扣合申請學校或該國特色，「像我自己對國際新聞、政治傳播有興趣，也很想了解德國等歐洲國家右翼崛起的現象，這部分就可以放進履歷內。」她也提及校內豐富的獎學金申請資源，如台大新聞所的中嘉國際交流獎助計畫，以及堉璘台大人才培育計畫等管道。</p>
<p>至於如何選擇交換校系，吳玲臻認為要先思考自身需求。除了地理位置、語言、生活環境與交通外，也要考量語言。若缺乏當地語言基礎者，要特別留意該校英語課程是否足夠，以達到最低學分的要求。形容自己是「命定般地」喜歡上漢堡這座城市，她表示最重要的是對當地產生好感，進而一步步加深自己與異國之間的連結。</p>
<p><strong>深入了解校系特色，旅途中看見不同文化風景</strong></p>
<p>相較另外兩位同學，吳穗雯選擇在碩二時至比利時根特大學交換一年，目前已回臺繼續修課及撰寫論文。她建議，選擇學校時除了可以衡量自己能實際運用到哪些學校資源，也可以從校方網站資訊的豐富度、英語授課的數量來參考該校的交換生計畫是否規劃完善。</p>
<p>比利時位於歐洲中西部，不論到歐洲哪一國都非常方便。在這趟旅程中，吳穗雯走訪10個國家、35座城市，並交到來自不同國家的朋友。她認為，「透過到其他國家旅遊的機會，可以從中了解不同國家的文化與特質，是種難能可貴的體驗。」</p>","activity-205215","News_Content_n_35498_sms_26668_s_205215.html","images/activities/activity-205215-1.jpg",""
"204990","activity","【紀錄】新聞產業與平台責任論壇（一）：首度平面媒體產業大調查 報業十年營收砍半第四權角色面臨挑戰","2022-09-18","","","","<p><p>台灣首個平面媒體產業調查結果公布，印證新聞業雪崩式衰頹的慘況！調查結果呈現三大重點：新聞消費市場萎縮、廣告營收衰退，以及新聞工作機會減少。平面新聞業營收大幅衰頹，尤其報紙十年營收幾乎砍半；相對地，數位平台襲奪廣告市場，在內容流通上，一方面影響新聞導流，一方面扮演內容篩選的角色，致使傳統媒體的第四權角色受到挑戰。</p>
<p>文字／劉騏瑋</p>
<p><a href=""https://medium.com/@ntujour2022/%E6%96%B0%E8%81%9E%E7%94%A2%E6%A5%AD%E8%88%87%E5%B9%B3%E5%8F%B0%E8%B2%AC%E4%BB%BB%E8%AB%96%E5%A3%87-%E9%A6%96%E5%BA%A6%E5%B9%B3%E9%9D%A2%E5%AA%92%E9%AB%94%E7%94%A2%E6%A5%AD%E5%A4%A7%E8%AA%BF%E6%9F%A5-%E5%A0%B1%E6%A5%AD%E5%8D%81%E5%B9%B4%E7%87%9F%E6%94%B6%E7%A0%8D%E5%8D%8A%E7%AC%AC%E5%9B%9B%E6%AC%8A%E8%A7%92%E8%89%B2%E9%9D%A2%E8%87%A8%E6%8C%91%E6%88%B0-f4f870b66040"">點此往Medium閱讀</a></p>




跨校傳播學者發表「數位平台對出版業新聞媒體之影響」產業報告。（攝影／歐穎慈）

<p>這份「數位平台對出版業新聞媒體之影響」調查報告，於9月16日在台大新聞所論壇中公開發表。這項調查計畫由文化部補助、台北市雜誌公會委託跨校傳播學者執行。調查係透過問卷調查，取得包含報紙、雜誌及網路等27家媒體的資料，訪談代表26家媒體的10位從業人員，以及兩家數位平台，掌握產業目前營收狀況。</p>
<p>調查研究團隊成員、臺灣大學新聞所助理教授蔡蕙如針對報章雜誌產業概況，指出三項主要問題，包括消費市場萎縮、廣告營收衰退，以及新聞工作機會減少的情況。驚人的事實包括：在台灣媒體總廣告量中，報紙雜誌佔比從合計三成降至約3.5%，報紙廣告量減少九成，雜誌減少八成。報紙與雜誌總營收大幅衰退，從2013年到2021年之間，報業十年內的營收幾乎砍半。</p>




2012–2021年報業營收變化。（圖表／《數位平台對出版業新聞媒體之影響》期中簡報）

<p>研究團隊主持人、政治大學新聞系教授劉昌德解釋，紙媒的衰退其實並不是完全受到平台影響，只是平台加速了數位化對傳統媒體的影響效果。從問卷調查結果中可以發現，搜尋引擎在新聞導流的影響力上有增加的趨勢，網路原生媒體在近五年的成長幅度也漸漸擴大。「至於雜誌部分，問卷參與業者更觀察到數位廣告的營收佔比在去年首度超過傳統廣告，」認為現今的雜誌業者善於利用多角化經營以補足營收缺額。</p>
<p>值得關注的是，報紙及雜誌營收項目變化中，紙本銷售及傳統廣告下滑，數位廣告上升，但數位收費及平台分潤則是躺平，這是當前影響新聞業生存的重要議題。</p>




報紙歷年營收項目總量變化。（圖表／《數位平台對出版業新聞媒體之影響》期中簡報）





兩家雜誌集團歷年營收項目變化。（圖表／《數位平台對出版業新聞媒體之影響》期中簡報）

<p>暨南國際大學東南亞學系副教授張春炎歸納指出，由深度訪談結果得出平台對新聞媒體經營的三種影響。他表示，大型平台不透明的演算法阻礙新聞內容流通，使產製過程受影響；媒體業者也必須配合平台的遊戲規則，「可以發現數位平台不只協助媒體曝光，更扮演了內容篩選的角色。」如此一來，媒體能不能在此環境中維持其第四權角色，便成了巨大挑戰。</p>
<p>臺灣大學新聞所教授、國家通訊傳播委員會委員林麗雲主持調查發表會，她認為，新聞業長久以來仰賴廣告維生，但隨著平台興起打破過往商業模式，也對產業造成損害。至於這種失衡狀態該如何解決？ 公平交易委員會委員洪財隆評論調查結果時指出，以澳洲經驗為例，他認為全球在面對此議題時漸漸從事後的應對走向事前的規範與協商，「此外因為平台一直抗拒被歸類為媒體，若堅持以傳統方式解決會有問題。」他建議以跨部會整合的混搭模式會比較適合平台性質。</p>
<p>除了澳洲立法模式之外，洪財隆也提出紐西蘭模式，係由新聞業者集體向市場競爭與公平主管機關提議，要與數位平台進行議價協商，並由主管機關同意後進行。這個模式的好處是不需要立法即可執行。長久之計，洪財隆也肯定，好的規範與管理能使媒體與平台雙方都可得到好處，樂見本次提出的產業報告未來能促成更多實質的政策討論。</p>




公平交易委員會委員洪財隆針對產業調查提出評論。（攝影／歐穎慈）

<p>📖延伸閱讀：</p>
<p><a href=""https://medium.com/@ntujour2022/新聞產業與平台責任論壇-新聞業攸關民主-李永得支持平台為新聞付費-郭耀煌呼籲政府積極推動新聞媒體轉型策略-e8f12e20e894"">【新聞產業與平台責任論壇（二）】新聞業攸關民主 李永得支持平台為新聞付費 郭耀煌呼籲政府積極推動新聞媒體轉型策略</a></p>
<p><a href=""https://medium.com/@ntujour2022/新聞產業與平台責任論壇-數位平台挹注新聞業發展-學者提四種模式-44b05d2df27b"">【新聞產業與平台責任論壇（三）】數位平台挹注新聞業發展 學者提四種模式</a></p>
</p>
<p>台灣首個平面媒體產業調查結果公布，印證新聞業雪崩式衰頹的慘況！調查結果呈現三大重點：新聞消費市場萎縮、廣告營收衰退，以及新聞工作機會減少。平面新聞業營收大幅衰頹，尤其報紙十年營收幾乎砍半；相對地，數位平台襲奪廣告市場，在內容流通上，一方面影響新聞導流，一方面扮演內容篩選的角色，致使傳統媒體的第四權角色受到挑戰。</p>
<p>這份「數位平台對出版業新聞媒體之影響」調查報告，於9月16日在台大新聞所論壇中公開發表。這項調查計畫由文化部補助、台北市雜誌公會委託跨校傳播學者執行。調查係透過問卷調查，取得包含報紙、雜誌及網路等27家媒體的資料，訪談代表26家媒體的10位從業人員，以及兩家數位平台，掌握產業目前營收狀況。</p>
<p>調查研究團隊成員、臺灣大學新聞所助理教授蔡蕙如針對報章雜誌產業概況，指出三項主要問題，包括消費市場萎縮、廣告營收衰退，以及新聞工作機會減少的情況。驚人的事實包括：在台灣媒體總廣告量中，報紙雜誌佔比從合計三成降至約3.5%，報紙廣告量減少九成，雜誌減少八成。報紙與雜誌總營收大幅衰退，從2013年到2021年之間，報業十年內的營收幾乎砍半。</p>
<p>研究團隊主持人、政治大學新聞系教授劉昌德解釋，紙媒的衰退其實並不是完全受到平台影響，只是平台加速了數位化對傳統媒體的影響效果。從問卷調查結果中可以發現，搜尋引擎在新聞導流的影響力上有增加的趨勢，網路原生媒體在近五年的成長幅度也漸漸擴大。「至於雜誌部分，問卷參與業者更觀察到數位廣告的營收佔比在去年首度超過傳統廣告，」認為現今的雜誌業者善於利用多角化經營以補足營收缺額。</p>
<p>值得關注的是，報紙及雜誌營收項目變化中，紙本銷售及傳統廣告下滑，數位廣告上升，但數位收費及平台分潤則是躺平，這是當前影響新聞業生存的重要議題。</p>
<p>暨南國際大學東南亞學系副教授張春炎歸納指出，由深度訪談結果得出平台對新聞媒體經營的三種影響。他表示，大型平台不透明的演算法阻礙新聞內容流通，使產製過程受影響；媒體業者也必須配合平台的遊戲規則，「可以發現數位平台不只協助媒體曝光，更扮演了內容篩選的角色。」如此一來，媒體能不能在此環境中維持其第四權角色，便成了巨大挑戰。</p>
<p>臺灣大學新聞所教授、國家通訊傳播委員會委員林麗雲主持調查發表會，她認為，新聞業長久以來仰賴廣告維生，但隨著平台興起打破過往商業模式，也對產業造成損害。至於這種失衡狀態該如何解決？ 公平交易委員會委員洪財隆評論調查結果時指出，以澳洲經驗為例，他認為全球在面對此議題時漸漸從事後的應對走向事前的規範與協商，「此外因為平台一直抗拒被歸類為媒體，若堅持以傳統方式解決會有問題。」他建議以跨部會整合的混搭模式會比較適合平台性質。</p>
<p>除了澳洲立法模式之外，洪財隆也提出紐西蘭模式，係由新聞業者集體向市場競爭與公平主管機關提議，要與數位平台進行議價協商，並由主管機關同意後進行。這個模式的好處是不需要立法即可執行。長久之計，洪財隆也肯定，好的規範與管理能使媒體與平台雙方都可得到好處，樂見本次提出的產業報告未來能促成更多實質的政策討論。</p>
<p><a href=""https://medium.com/@ntujour2022/新聞產業與平台責任論壇-新聞業攸關民主-李永得支持平台為新聞付費-郭耀煌呼籲政府積極推動新聞媒體轉型策略-e8f12e20e894"">【新聞產業與平台責任論壇（二）】新聞業攸關民主 李永得支持平台為新聞付費 郭耀煌呼籲政府積極推動新聞媒體轉型策略</a></p>","activity-204990","News_Content_n_35498_sms_26668_s_204990.html","images/activities/activity-204990-1.jpg",""
"205000","activity","【紀錄】新聞產業與平台責任論壇（三）：數位平台挹注新聞業發展 學者提四種模式","2022-09-18","","","","<p><p>面對新聞業營收大幅下滑，使用新聞內容的數位平台該如何負責？台大新聞所所長洪貞玲提出四種路徑，包括市場力與議價模式、著作鄰接權模式、設置基金或是課徵稅金等模式，呼籲平台業者與新聞業界真誠溝通，協商出共識方案。雜誌公會理事長、天下雜誌董事長吳迎春也呼籲，數位平台應展現誠意，政府應協助新聞業與平台談判。</p>
<p>文字／劉騏瑋</p>
<p><a href=""https://medium.com/@ntujour2022/%E6%96%B0%E8%81%9E%E7%94%A2%E6%A5%AD%E8%88%87%E5%B9%B3%E5%8F%B0%E8%B2%AC%E4%BB%BB%E8%AB%96%E5%A3%87-%E6%95%B8%E4%BD%8D%E5%B9%B3%E5%8F%B0%E6%8C%B9%E6%B3%A8%E6%96%B0%E8%81%9E%E6%A5%AD%E7%99%BC%E5%B1%95-%E5%AD%B8%E8%80%85%E6%8F%90%E5%9B%9B%E7%A8%AE%E6%A8%A1%E5%BC%8F-44b05d2df27b"">點此往Medium閱讀</a></p>




成功大學特聘教授郭耀煌與雜誌公會理事長吳迎春發表對產業的觀察。（攝影／歐穎慈）

<p>9月16日由臺大新聞所主辦的論壇中，新聞業界與數位平台業者首度公開討論「新聞業與平台合作」議題。主持人成功大學特聘教授郭耀煌認為，數位浪潮下，面對變動的產業生態及非線性的網路傳播型態，媒體與平台業者應在競爭中尋求合作。針對合理的新聞議價，新聞業者表示支持；數位平台則提出與新聞業的不同合作方式，在授權付費之外，有廣告分潤、新聞導流、協助數位轉型等作法。</p>
<p>LINE TODAY資深總監彭瀞儀表示，該公司與新聞業界有三種合作模式，包括授權協議、資源交換或新聞導流等多元合作，目前與超過600家媒體合作，所刊登的新聞皆為合法取得授權之內容。對於演算法及流量影響新聞品質，彭瀞儀強調，LINE TODAY的新聞編排，並非以流量取勝，而是由專業編輯決定，「身為平台方，我們也希望能提供讀者多元優質的內容」。</p>
<p>Google台灣政府事務及公共政策資深協理陳幼臻則指出，該公司思考與新聞業的關係，在數位環境中不只是要給魚吃，更重要的是如何釣魚的能力。Google近年相當注重與利益關係人之間的溝通，「在聆聽在地媒體業者的需求後，我們透過工作坊與比賽，提升媒體從業人員的數位敘事能力與對數位業務的信心。」陳幼臻也強調，平台近年來與台灣政府、公民社會合作對抗假訊息，目的是協助新聞資訊環境的健全。</p>




LINE TODAY資深總監彭瀞儀以平台業者角度發表看法。（攝影／歐穎慈）

<p>雜誌公會理事長吳迎春指出，業界受到澳洲立法強制新聞議價之後深受啟發，而發動台灣第一次全面性的產業調查，希望未來定期發表產業報告，累積足夠的產業數據。吳迎春也觀察到，參與議價議題討論的成員多是業者與學者，但總是缺少了讀者的聲音，「我們不禁想問：讀者是否還在意新聞產業？愈來愈多人只看平台推播的新聞，甚至對平台的信任度比媒體更高。」面臨如此局面，媒體也應提升自己的競爭力，才能與其他平台業者、網路資訊傳播者抗衡。</p>
<p>政治大學法學院特聘教授王立達支持立法進行媒體議價，並提出新聞議價草案內容，透過明確界定新聞媒體、強制議價措施以及政府介入，可以導正平台與新聞業的權力不平等。但他也強調，此議題牽涉價格決定因素，故法律適合扮演的角色應為「助攻者」，促進媒體與平台業者的協商。</p>
<p>洪貞玲指出，除了思考新聞議價之外，應趁此機會構思建全新聞業的政策，除了新聞議價與著作權協商兩種付費模式之外，國際之間盛行的基金模式，以及從財政角度思考的課稅模式，皆可做為數位平台將其營收回饋協助新聞業的可能途徑。此外，若要在平台責任與新聞發展間找到平衡，她認為除了充分的產業調查、政府的積極介入，公民社會的參與也格外重要。</p>




臺大新聞所教授兼所長洪貞玲延伸探討四種議價模式的不同考量。（攝影／歐穎慈）

<p>在最後的問答時間中，與會者除了針對不同媒體形式議價的現況提出意見外，也質疑議價法雖期待能讓媒體拿回更多收益，但是否會因此導致大小眾媒體收益之間的不平衡？吳迎春認為，就算規模小眾，但若能擁有一群精準客群，也有可能拿到高報酬，「媒體不能光有理想，必須強化自身能力。除了在內容上做出價值與吸引力，也要了解數位轉型，進而在數位浪潮中生存。」</p>




與會者針對本論壇提出產業結構相關問題。（攝影／歐穎慈）

<p>📖延伸閱讀：</p>
<p><a href=""https://medium.com/@ntujour2022/新聞產業與平台責任論壇-首度平面媒體產業大調查-報業十年營收砍半第四權角色面臨挑戰-f4f870b66040"">【新聞產業與平台責任論壇（一）】首度平面媒體產業大調查 報業十年營收砍半第四權角色面臨挑戰</a></p>
<p><a href=""https://medium.com/@ntujour2022/新聞產業與平台責任論壇-新聞業攸關民主-李永得支持平台為新聞付費-郭耀煌呼籲政府積極推動新聞媒體轉型策略-e8f12e20e894"">【新聞產業與平台責任論壇（二）】新聞業攸關民主 李永得支持平台為新聞付費 郭耀煌呼籲政府積極推動新聞媒體轉型策略</a></p>
</p>
<p>面對新聞業營收大幅下滑，使用新聞內容的數位平台該如何負責？台大新聞所所長洪貞玲提出四種路徑，包括市場力與議價模式、著作鄰接權模式、設置基金或是課徵稅金等模式，呼籲平台業者與新聞業界真誠溝通，協商出共識方案。雜誌公會理事長、天下雜誌董事長吳迎春也呼籲，數位平台應展現誠意，政府應協助新聞業與平台談判。</p>
<p>9月16日由臺大新聞所主辦的論壇中，新聞業界與數位平台業者首度公開討論「新聞業與平台合作」議題。主持人成功大學特聘教授郭耀煌認為，數位浪潮下，面對變動的產業生態及非線性的網路傳播型態，媒體與平台業者應在競爭中尋求合作。針對合理的新聞議價，新聞業者表示支持；數位平台則提出與新聞業的不同合作方式，在授權付費之外，有廣告分潤、新聞導流、協助數位轉型等作法。</p>
<p>LINE TODAY資深總監彭瀞儀表示，該公司與新聞業界有三種合作模式，包括授權協議、資源交換或新聞導流等多元合作，目前與超過600家媒體合作，所刊登的新聞皆為合法取得授權之內容。對於演算法及流量影響新聞品質，彭瀞儀強調，LINE TODAY的新聞編排，並非以流量取勝，而是由專業編輯決定，「身為平台方，我們也希望能提供讀者多元優質的內容」。</p>
<p>Google台灣政府事務及公共政策資深協理陳幼臻則指出，該公司思考與新聞業的關係，在數位環境中不只是要給魚吃，更重要的是如何釣魚的能力。Google近年相當注重與利益關係人之間的溝通，「在聆聽在地媒體業者的需求後，我們透過工作坊與比賽，提升媒體從業人員的數位敘事能力與對數位業務的信心。」陳幼臻也強調，平台近年來與台灣政府、公民社會合作對抗假訊息，目的是協助新聞資訊環境的健全。</p>
<p>雜誌公會理事長吳迎春指出，業界受到澳洲立法強制新聞議價之後深受啟發，而發動台灣第一次全面性的產業調查，希望未來定期發表產業報告，累積足夠的產業數據。吳迎春也觀察到，參與議價議題討論的成員多是業者與學者，但總是缺少了讀者的聲音，「我們不禁想問：讀者是否還在意新聞產業？愈來愈多人只看平台推播的新聞，甚至對平台的信任度比媒體更高。」面臨如此局面，媒體也應提升自己的競爭力，才能與其他平台業者、網路資訊傳播者抗衡。</p>
<p>政治大學法學院特聘教授王立達支持立法進行媒體議價，並提出新聞議價草案內容，透過明確界定新聞媒體、強制議價措施以及政府介入，可以導正平台與新聞業的權力不平等。但他也強調，此議題牽涉價格決定因素，故法律適合扮演的角色應為「助攻者」，促進媒體與平台業者的協商。</p>
<p>洪貞玲指出，除了思考新聞議價之外，應趁此機會構思建全新聞業的政策，除了新聞議價與著作權協商兩種付費模式之外，國際之間盛行的基金模式，以及從財政角度思考的課稅模式，皆可做為數位平台將其營收回饋協助新聞業的可能途徑。此外，若要在平台責任與新聞發展間找到平衡，她認為除了充分的產業調查、政府的積極介入，公民社會的參與也格外重要。</p>
<p>在最後的問答時間中，與會者除了針對不同媒體形式議價的現況提出意見外，也質疑議價法雖期待能讓媒體拿回更多收益，但是否會因此導致大小眾媒體收益之間的不平衡？吳迎春認為，就算規模小眾，但若能擁有一群精準客群，也有可能拿到高報酬，「媒體不能光有理想，必須強化自身能力。除了在內容上做出價值與吸引力，也要了解數位轉型，進而在數位浪潮中生存。」</p>
<p><a href=""https://medium.com/@ntujour2022/新聞產業與平台責任論壇-首度平面媒體產業大調查-報業十年營收砍半第四權角色面臨挑戰-f4f870b66040"">【新聞產業與平台責任論壇（一）】首度平面媒體產業大調查 報業十年營收砍半第四權角色面臨挑戰</a></p>","activity-205000","News_Content_n_35498_sms_26668_s_205000.html","images/activities/activity-205000-1.jpg",""
"204996","activity","【紀錄】新聞產業與平台責任論壇（二）：新聞業攸關民主 李永得支持平台為新聞付費 郭耀煌呼籲政府積極推動新聞媒體轉型策略","2022-09-18","","","","<p>台灣首度平面新聞產業調查結果公布，文化部長李永得回應指出，新聞業與大型平台關係失衡，影響言論自由、民主體制，政府勢必要有所介入，「文化部的基本立場是支持新聞付費」。成大特聘教授、前政務委員郭耀煌也建議，政府應積極規劃推動新聞產業之數位轉型策略，讓臺灣成為全球接收華人圈訊息最可信賴的來源。</p>
<p>臺大新聞所主辦「新聞產業與平台責任論壇」，9月16日下午於臺大社科院國際會議廳舉行，會中公布平面新聞產業調查結果，並邀請產官學各界代表參與，針對出版業新聞媒體的產業現況、跨國數位平台的影響進行討論，並了解媒體業者如何回應當前困境，進而評估產業未來發展與永續經營對策。</p>
<p>李永得於開幕致詞中指出，新聞媒體和大型數位平台的關係是又愛又恨、相互依存，但哪一邊太過傾斜就會影響整個生態系的平衡，所影響的不只是經濟層面，還包括言論自由、民主體制發展的問題。</p>
<p>郭耀煌於行政院政務委員任內負責新聞議價議題，主導跨部會協商。他主持論壇討論並指出，媒體生態健全與否不只牽涉市場面的私益問題，也關係到維繫民主社會之新聞自由、新聞品質的公益層次問題，因此政府政策及利害關係人因應新聞業變遷的視角必須更寬廣。</p>
<p>產業生態受到衝擊時，必然有受害者，也會有獲益者，常需經歷衝突、轉型、調和等階段，才能讓產業環境進化到新的穩定狀態。在民主法治國度，這個歷程必須適度尊重市場機制，但政府必須保障公平競爭和公正轉型，並維護新聞的公益價值。他因此建議，政府應積極規劃推動相關策略，促成新聞媒體產業之數位轉型。</p>
<p>本次會議由台北市雜誌公會、優質新聞發展協會及中嘉數位公司協辦。主辦方的臺大新聞所教授兼所長洪貞玲表示，希望藉由論壇的各方討論，提醒台灣政府媒體議價的重要性，「好的合作分潤模式，也能提升平台的品質；而唯有好的新聞業，才是臺灣民主環境的保證。」</p>
<p><a href=""https://medium.com/@ntujour2022/新聞產業與平台責任論壇-首度平面媒體產業大調查-報業十年營收砍半第四權角色面臨挑戰-f4f870b66040"">【新聞產業與平台責任論壇（一）】首度平面媒體產業大調查 報業十年營收砍半第四權角色面臨挑戰</a></p>
<p><a href=""https://medium.com/@ntujour2022/新聞產業與平台責任論壇-數位平台挹注新聞業發展-學者提四種模式-44b05d2df27b"">【新聞產業與平台責任論壇（三）】數位平台挹注新聞業發展 學者提四種模式</a></p>","activity-204996","News_Content_n_35498_sms_26668_s_204996.html","images/activities/activity-204996-1.jpg",""
"204628","activity","【活動】台大新聞所論壇：新聞產業與平台責任","2022-09-15","活動","","","<p><p><b>數位匯流下，資訊服務、內容流通與廣告資金大幅轉向數位平台，傳統新聞產業的內容產製與營收模式面臨巨大挑戰與衝擊。面對數位廣告襲奪的趨勢，各國政府開始推動立法與政策因應。歐洲推出著作鄰接權規範、澳洲制定新聞議價法以降，我國各界也開始討論，展開新聞產業的調查、建立平台問責機制、思考健全資訊生態的方案。</b></p>
<p><b>本次論壇，將首度公布兩大媒體公會與學界合作的平面媒體產業調查，並邀請產官學各界代表，進行新聞業與平台分工分潤模式以及政府政策的相關討論。</b></p>
<p> </p>
<p><b>時間</b><b>：2022. 9.16 (Fri)  14:00-17:00</b></p>
<p><b>地點</b><b>：</b><b>台大社科院國際會議廳</b></p>
<p><b>主辦：臺大新聞所</b></p>
<p><b>協辦：台北市雜誌商業同業公會、優質新聞發展協會、中嘉數位公司</b></p>
<p><b>報名連結：https://forms.gle/65EJip6EXTZFnstq7</b></p>
<p> </p>
<p><b>開幕致詞: 文化部長李永得 （2:00-2:10pm）</b></p>
<p><b>一、平面新聞產業調查結果發佈（2:10-3:00pm）</b></p>
<p><b>主持人：林麗雲／臺灣大學新聞所教授</b></p>
<p><b>報告人：</b><b>劉昌德／政治大學新聞系教授</b></p>
<p><b>　　　　張春炎／暨南國際大學東南亞學系副教授</b></p>
<p><b>　　　　蔡蕙如／臺灣大學</b><b>新聞所助理教授</b></p>
<p><b>評論人：</b><b>洪財隆／公平會委員</b></p>
<p><br/>
<b>二、新聞業與數位平台合作（3:00-5:00pm）</b></p>
<p><b>主持人：</b><b>郭耀煌／成功大學特聘教授、前政務委員</b></p>
<p><b>與談人：</b><b>吳迎春／雜誌公會理事長、天下雜誌董事長</b></p>
<p><b>　　　　陳幼臻／Google台灣政府事務及公共政策資深協理</b></p>
<p><b>　　　　彭瀞儀／LINE TODAY 資深總監</b></p>
<p><b>　　　　王立達／政治大學法學院特聘教授</b></p>
<p><b>　　　　洪貞玲／臺灣大學新聞所教授</b></p>
</p>
<p><b>數位匯流下，資訊服務、內容流通與廣告資金大幅轉向數位平台，傳統新聞產業的內容產製與營收模式面臨巨大挑戰與衝擊。面對數位廣告襲奪的趨勢，各國政府開始推動立法與政策因應。歐洲推出著作鄰接權規範、澳洲制定新聞議價法以降，我國各界也開始討論，展開新聞產業的調查、建立平台問責機制、思考健全資訊生態的方案。</b></p>
<p><b>本次論壇，將首度公布兩大媒體公會與學界合作的平面媒體產業調查，並邀請產官學各界代表，進行新聞業與平台分工分潤模式以及政府政策的相關討論。</b></p>
<p><b>時間</b><b>：2022. 9.16 (Fri)  14:00-17:00</b></p>
<p><b>協辦：台北市雜誌商業同業公會、優質新聞發展協會、中嘉數位公司</b></p>
<p><b>報名連結：https://forms.gle/65EJip6EXTZFnstq7</b></p>
<p><b>開幕致詞: 文化部長李永得 （2:00-2:10pm）</b></p>
<p><b>一、平面新聞產業調查結果發佈（2:10-3:00pm）</b></p>
<p><b>主持人：林麗雲／臺灣大學新聞所教授</b></p>
<p><b>報告人：</b><b>劉昌德／政治大學新聞系教授</b></p>","activity-204628","News_Content_n_35498_s_204628.html","images/activities/activity-204628-1.png",""
"107665","activity","【活動】電視媒體制度：結構、內容與政策的辯證","2022-07-12","活動","","","<p><p>在數位化浪潮下，傳統媒體面臨多重挑戰，然而電視仍是台灣民眾最主要的接收資訊來源，尤其是電視新聞。本次論壇以電視媒體制度為主要討論議題，關切商業電視與公共電視的發展。論壇分成兩場，包括電視新聞的競爭與提昇，公共媒體的匍匐與前進兩大議題，邀請電視經營者、公協會與媒改團體代表、傳播學者、政策制定者等參與討論，提供分析與建議。</p>
<p> </p>
<p> </p>
<p> </p>
<p>日期: 2022.6.30下午1:20-5:00</p>
<p>地點: 台大社科院國際會議廳</p>
<p>報名連結: https://forms.gle/RQCHMJUdEuVgX3AC7</p>
<p> </p>
<p><b>報到 1:00-1:20pm</b></p>
<p><b>開幕 1:20-2:00pm</b></p>
<p><b>專題演講：傳播批判學者的政策參與及改革實踐</b></p>
<p><b>主講人：台大新聞所名譽教授張錦華</b></p>
<p> </p>
<p><b>場次一  </b><b>電視新聞的競爭與提昇 2:00-3:20pm</b></p>
<p>主持人：洪貞玲／台大新聞所教授兼所長</p>
<p>與談人：陳依玫／衛星電視公會秘書長</p>
<p>　　　　郭冠群／中嘉數位董事長</p>
<p>　　　　王維菁／國家通訊傳播委員會委員</p>
<p>電視新聞是台灣民眾獲取公共資訊的重要來源，面臨市場競爭與數位轉型，電視新聞產製、內容與行銷面臨多重挑戰。不變的問題是：</p>
<p>1.      新聞專業核心與價值為何? 好新聞的條件是什麼?</p>
<p>2.      如何產製好新聞？自律機制是否發揮良性作用？</p>
<p>3.      現有產業結構有何利弊? 如何因應調整？</p>
<p>4.      現有法規政策有何利弊？如何因應調整?</p>
<p>本場次邀請電視新聞上下游業者與政策制定者進行交流，就以上問題提出高見。</p>
<p> </p>
<p><b>場次二  </b><b>公共媒體的匍匐與前進 3:30-4:50pm</b></p>
<p>主持人：張錦華／台大新聞所教授</p>
<p>與談人：胡元輝／公共電視董事長</p>
<p>　　　　周奕成／世代文化創業群執行長</p>
<p>　　　　 林麗雲／國家通訊傳播委員會委員　</p>


<p>公共電視自立法成立以來，幾經改制與擴大，從一個頻道擴展為公華視集團，服務通路擴及網路多平台，服務對象也包括多語言族群。然而因為制度安排與政經因素，公廣董事會成立每遇波折，國際傳播事務亦生紛擾，民眾的近用情況仍然受限。在公視董事會剛完成改組之際，如何記取過去經驗、展望未來?</p>
<p>1.      公共電視在影視多元及數位化環境中，有何生存利基? 服務特色為何? 有何因應方案?</p>
<p>2.      面對歷來董監事改選的困境，如何面對政治紛擾? 有何突破方案?</p>
<p>3.      公廣集團化後，華視經營困境遲遲無解，有何有效對策?</p>
<p>4.      國際公共媒體多數肩負國際傳播任務。公視如何定位國際傳播服務? 有何具體規劃?</p>
<p>針對上述問題，本場次邀請公視經營者、傳播學者與政策制定者進行交流，就以上問題提出高見。</p>


<p> <br/>
敬邀大家踴躍報名！🌹</p>
</p>
<p>在數位化浪潮下，傳統媒體面臨多重挑戰，然而電視仍是台灣民眾最主要的接收資訊來源，尤其是電視新聞。本次論壇以電視媒體制度為主要討論議題，關切商業電視與公共電視的發展。論壇分成兩場，包括電視新聞的競爭與提昇，公共媒體的匍匐與前進兩大議題，邀請電視經營者、公協會與媒改團體代表、傳播學者、政策制定者等參與討論，提供分析與建議。</p>
<p>日期: 2022.6.30下午1:20-5:00</p>
<p>報名連結: https://forms.gle/RQCHMJUdEuVgX3AC7</p>
<p><b>專題演講：傳播批判學者的政策參與及改革實踐</b></p>
<p><b>主講人：台大新聞所名譽教授張錦華</b></p>
<p><b>場次一  </b><b>電視新聞的競爭與提昇 2:00-3:20pm</b></p>
<p>主持人：洪貞玲／台大新聞所教授兼所長</p>
<p>與談人：陳依玫／衛星電視公會秘書長</p>
<p>　　　　王維菁／國家通訊傳播委員會委員</p>","activity-107665","News_Content_n_35498_s_107665.html","images/activities/activity-107665-1.jpg",""
"109479","activity","【紀錄】電視媒體面臨挑戰 產官學盼健全市場體制、壯大公共電視","2022-07-12","","","","<p>台大新聞所今（30）日舉辦「電視媒體制度」論壇，從產業結構、內容品質與政策規劃三面向切入，探討商業電視與公共電視的發展。會中邀集產、官、學界代表，指出電視新聞的市場產業變化以及提供活水的建議，新任公視董事長胡元輝並提出公共媒體的挑戰與未來規劃。</p>
<p>本次論壇邀請台大社科院副院長古允文開幕致詞，新聞所也正式宣佈中嘉捐助案，未來3年將捐助台大新聞所750萬元，鼓勵師生進行國際研究、學習及交流，以充實新聞傳播教育與人才培育，並由中嘉數位董事長郭冠群頒獎給獲獎學生劉宜庭、劉聿庭。</p>
<p>郭冠群則從商業模式分析，強調廣告仍是電視的重要收入來源。他指出，近幾年串流平台興起，使得有線電視面臨產業結構變化。郭冠群認為，應把更多優質的企業帶進電視媒體產業，且產業間應共同合作，找尋合宜的模式，因應潮流趨勢。<br/>
<br/>
國家通訊傳播委員會王維菁則從對法規制度角度分析，她表示，過去因法規限制及產業監理擘劃的問題，導致台灣電視新聞呈現低成本競爭市場。對此，她認為，NCC作為電視新聞產業主管機關，對維護媒體產業市場秩序有無可迴避的責任，並建議NCC應定期提出電視新聞市場結構的分析報告、合適落實退場機制等，盡力建構適當的市場結構管制模式。</p>
<p>此外，胡元輝也聚焦華視與Taiwan Plus的挑戰，他指出，「目前華視存於公共化與商業化間的模糊地帶，因此需要政府經費挹注與企業經營的改造。同時，台灣社會應更加重視媒體的國際傳播，才有可能突破現行Taiwan Plus面臨到的挑戰」。</p>
<p>世代文化創業群執行長周奕成曾參與公視法立法起草，他以公廣發展歷史分析，指出1920年代公廣體系發展後，至今已逾百年，2020年代是重要的轉淚點，包括和平、自由等面向均會受到挑戰。但他認為，未來30年間，台灣的公共媒體將扮演關鍵角色，協助推升台灣的國際地位。周奕成建議，現在是公視的新起點，公視董事會應提出長期的營運計畫書，多與社會大眾對話。他認為，公視應作為人才培育的平台，培養與國際接軌的意見領袖。</p>","activity-109479","News_Content_n_35498_sms_26668_s_109479.html","images/activities/activity-109479-1.jpg",""
"106867","activity","【紀錄】陳柔縉紀念展開幕座談 媒體人及學者推崇作品的時代意義","2022-04-29","演講","","","<p>國立臺大大學圖書館4月28日推出陳柔縉紀念展並舉辦開幕座談，邀請多位媒體人及學者共襄盛舉。（攝／鄭曉雯）</p>
<p>台灣文史作家陳柔縉於2021年末意外過世，徒留遺憾。為紀念這位驟逝的書寫大家，台大圖書館於4月28日推出陳柔縉紀念展，首度公開陳柔縉手稿、畫作與資料卡，呈現作家寫作背後的扎實功夫。開幕座談中，與會者感嘆這是「一個時代的結束」，但也認為她留下來的寫作方法與求知、求真的精神，給予當代新聞從業者、文史考掘者以及年輕學子重要啟發。</p>
<p>文化部次長李靜慧受邀出席陳柔縉紀念展開幕講座。（攝／鄭曉雯）</p>
<p>陳柔縉早年曾任政治記者，隨後專職成為歷史文學作家，長期關注日本時代的常民生活，透過文史資料及口述訪談，重構她眼中的日本時代，並藉由書寫將她所認知的日本時代及台灣人的樣貌傳遞給讀者。陳柔縉著述作品遍及新聞寫作、歷史認知、人物傳記、知識轉譯，主要作品包括《總統的親戚》、《台灣西方文明初體驗》、《人人身上都是一個時代》、《宮前町九十番地》、《大港的女兒》等，作品屢獲各大獎項肯定。</p>
<p>陳柔縉早年曾任政治記者，隨後專職成為歷史文學作家。（攝／鄭曉雯）</p>
<p>陳柔縉從臺大法律系畢業後，見證台灣解嚴前後的民主化轉折過程，進入百花爭鳴的新聞媒體，歷經《聯合報》、《新新聞》等報刊歷練。臺大新聞所所長洪貞玲表示，回顧陳柔縉在解嚴前後進入台灣新聞業，獨具創見地解構政商關係及挖掘台灣文史，猶如在時代縫隙中開出燦爛的玫瑰。陳柔縉對於事物抱持高度好奇心及獨特視野，她留下來的寫作方法論與求知、求真的精神，給予當代新聞從業者、文史工作者及年輕學子重要啟發。</p>
<p>與陳柔縉同時期進入新聞行業的中央廣播電臺董事長賴秀如，回憶起早年與陳柔縉在新聞行業中的經歷，她認為陳柔縉從記者到政治評論家、作家，這一切的安排都是為了要讓陳柔縉成為說時代故事的小說家。賴秀如表示，陳柔縉在寫作時把身心靈都融入當下的書寫，「她把自己當作是初體驗的人，融入那個時代，她在裡頭流連。」</p>
<p><br/>
在賴秀如眼中，陳柔縉聰明早慧、才氣橫溢，「柔縉是一個走自己的路的人，不隨波逐流。」賴秀如認為，陳柔縉具有獨特的個人風格，「在我來看，世間只有一個陳柔縉，所以這也是一個時代的結束。」賴秀如盼望未來能有更多人像陳柔縉繼續書寫，將日治時代跟政商時代的脈絡關係繼續傳承下去。</p>
<p>臺大歷史系教授陳翠蓮則以《宮前町九十番地》為例，指出陳柔縉將張超英及其家族歷史寫得很生動，而背後成功的關鍵在於，陳柔縉取得受訪者的深度信任，「這是我們在做口述歷史，都很難做得到。」陳翠蓮認為，「很難去定位陳柔縉，她跟著自己有興趣的東西，一直往前走。」</p>
<p>《鏡文學》副總編輯李志德曾與陳柔縉前後任職於《聯合報》及擔任臺大新聞所實務教師，對於陳柔縉的經歷，李志德表示，陳柔縉先前曾於一場演講中提及自己經常在《聯合報》資料室翻閱，對此他感觸很深，「我2000年入行，我也會到資料室看資料，」雖不曾陳柔縉於共同工作過，但李志德笑稱，「如果照多重宇宙的概念，我站在資料室，回到十年前就會看到陳柔縉也在找資料。」</p>","activity-106867","News_Content_n_35498_s_106867.html","images/activities/activity-106867-1.jpg",""
"106139","activity","【活動】從報刊冊頁開出玫瑰：臺灣歷史故事作家陳柔縉紀念展開幕座談","2022-04-20","演講","","","<p><p></p>
<p>陳柔縉是當代最出色的臺灣歷史故事作家・傑出的調查報導記者。在其慧眼與妙筆下，諸多龐雜的訃聞記事、名錄廣告，竟能編織出政商家族系譜，蔓延綻放時代人物的精采故事。</p>
<p> </p>
<p>成長於臺灣民主轉型關鍵時代的陳柔縉，著作影響力遍及新聞採訪、歷史認知、知識轉譯，仍澆灌許多世情與微物的花蕾，讓後來者徒仰空枝、靜望春來。</p>
<p> </p>
<p>本次活動，為紀念在2021年10月意外過世的陳柔縉，讓總是退居記錄對象之後、棲身文字之側的作家，呈現更清晰的面貌。希望喜愛陳柔縉著作的朋友，能夠透過她的著作展出、生平回顧，更深刻認識這位獨一無二的文史書寫名家。</p>
<p> </p>
<p><a href=""https://www.surveycake.com/s/mawzl"">報名連結</a></p>
<p> </p>
<p></p>
<p><strong>活動資訊：</strong></p>
<p><strong>2022年4月28日（四）13:30－16:30</strong></p>
<p><strong>國立臺灣大學總圖書館B1國際會議廳</strong></p>
<p> </p>
<p><strong>報名時間：</strong></p>
<p><strong>4月26日（二）中午12:00截止</strong></p>
<p><strong>報名人數額滿將提早截止</strong></p>
<p> </p>
<p>■ 注意事項</p>
<p>因應校園防疫政策，入館前請於一樓入口處量測體溫並以身分證或本校證件登錄本校防疫系統。</p>
<p>敬請全程佩載口罩，體溫超過37.5度者將無法入內參與，造成不便敬請見諒。</p>
<p> </p>
<p>■ 活動洽詢</p>
<p>臺大圖書館推廣服務組</p>
<p>☎ (02) 3366-4551 ✉ tulce@ntu.edu.tw</p>
<p> </p>
<p>報名若有任何問題，請聯絡以下電子信箱：</p>
<p>mickey920511@gmail.com</p>
<p>（助理：蔡承志　臺大臺文所碩士生）</p>
</p>
<p>陳柔縉是當代最出色的臺灣歷史故事作家・傑出的調查報導記者。在其慧眼與妙筆下，諸多龐雜的訃聞記事、名錄廣告，竟能編織出政商家族系譜，蔓延綻放時代人物的精采故事。</p>
<p>成長於臺灣民主轉型關鍵時代的陳柔縉，著作影響力遍及新聞採訪、歷史認知、知識轉譯，仍澆灌許多世情與微物的花蕾，讓後來者徒仰空枝、靜望春來。</p>
<p>本次活動，為紀念在2021年10月意外過世的陳柔縉，讓總是退居記錄對象之後、棲身文字之側的作家，呈現更清晰的面貌。希望喜愛陳柔縉著作的朋友，能夠透過她的著作展出、生平回顧，更深刻認識這位獨一無二的文史書寫名家。</p>
<p><strong>2022年4月28日（四）13:30－16:30</strong></p>
<p><strong>國立臺灣大學總圖書館B1國際會議廳</strong></p>
<p><strong>4月26日（二）中午12:00截止</strong></p>
<p>因應校園防疫政策，入館前請於一樓入口處量測體溫並以身分證或本校證件登錄本校防疫系統。</p>
<p>敬請全程佩載口罩，體溫超過37.5度者將無法入內參與，造成不便敬請見諒。</p>
<p>☎ (02) 3366-4551 ✉ tulce@ntu.edu.tw</p>","activity-106139","News_Content_n_35498_s_106139.html","images/activities/activity-106139-1.png",""
"103257","activity","【活動】假消息年度報告出爐！9成民眾支持立法建立平台自律機制","2022-04-19","活動","","","<p>台灣事實查核教育基金會與台大新聞所，舉辦2022年假訊息年度調查發表暨高峰論壇，邀請產官學三方共襄盛舉。（攝/鄭曉雯）</p>
<p>台灣事實查核教育基金會與台大新聞所，舉辦2022年假訊息年度調查發表暨高峰論壇，由台灣事實查核教育基金會董事長胡元輝等人，對假消息年度調查進行說明。對於調查結果，羅秉成認為，結果顯示民眾對假消息的恐懼，「假消息就像Covid-19病毒，傳播快、感染力強」。</p>
<p>行政院政務委員羅秉成認為，管制假消息需要公私部門共同協力。（攝/鄭曉雯）</p>
<p>羅秉成指出，對抗假訊息是長期抗爭，必須透過跨部會、跨部門、跨國際、跨領域共同協作，至於誰該對假消息負責，羅秉成認為，「人人有責」，並非僅由專責機關負責，也需要公私部門的合作。陳耀祥也表示，由政府、企業及社會多方參與協力、透明監督，透過集體防衛對抗假訊息。</p>
<p>針對調查結果，台大政治系教授張佑宗指出，高達93%民眾認為假消息對社會影響嚴重。張佑宗也將美國與台灣調查進行比較，指出在事實陳述跟意見陳述部分，台灣民眾較美國分數較高，笑稱「台灣民眾滿聰明的」。</p>
<p>至於假消息的辨識，台大新聞所教授謝吉隆指出，高達94.2%的受訪者認為其他人會受到假消息的影響，有50%受訪者認為自己不會受影響。謝吉隆解釋，此為傳播學的「第三人效應」，即民眾認為自己不會受騙，卻覺得別人會上假訊息的當。</p>
<p>另外，在事實查核組織公信力與假消息責任歸屬，台大新聞所所長洪貞玲表示，有7成以上受訪者認為傳播媒體需要對假消息負責，洪貞玲認為，「這顯示民眾對媒體專業倫理抱持期待。」接著洪貞玲指出，有9成4受訪者認為應立法要求社群媒體建立假消息自律機制，而受訪者傾向政府與平台均應有作為地限制網路假訊息。</p>
<p>台大新聞所所長洪貞玲指出，調查顯示民眾仍對於傳統媒體管制假消息抱有期待。（攝/鄭曉雯）</p>
<p>胡元輝表示，台灣事實民主的時間並不算長，且政治環境與處境相對複雜，因此假訊息的課題可謂非常敏感且棘手。針對事實查核機構的作用，胡元輝認為，「事實查核不是萬能，也不是無能」，雖事實查核無法做到完整的查核，但仍可提供事實性的陳述。</p>
<p>至於假消息的責任歸屬，高瑋均建議，政府不應針對不當內容，制定過於瑣碎且僵硬的法規。對此羅秉成回應，平台業者要付社會責任跟法律責任，「我認同Google所講，政府不要強制平台業者去做過濾功能。」</p>","activity-103257","News_Content_n_35498_s_103257.html","images/activities/activity-103257-1.jpg",""
"104442","activity","【影片】新聞所三十而立歲月點滴","2022-03-26","","","","<p><p></p>
<p>解嚴之後不久，臺大新聞所於 1991 年成立，至今已經三十年！三十年來，我們見證臺灣民主化過程中，新聞業從威權侍從走向專業自主；也見證網路興起後，傳統媒體由盛轉衰並苦思出路，數位平台上眾聲喧嘩卻也百病叢生。</p>
<p>我們認為，這是最壞的時代，也是最好的時代。新聞作為民主社會的重要機制，監督權力者、服務公民社會，有其本質上的必要性。何文超同學為所慶製作本則影片，回顧三十年來點點滴滴。</p>
</p>
<p>解嚴之後不久，臺大新聞所於 1991 年成立，至今已經三十年！三十年來，我們見證臺灣民主化過程中，新聞業從威權侍從走向專業自主；也見證網路興起後，傳統媒體由盛轉衰並苦思出路，數位平台上眾聲喧嘩卻也百病叢生。</p>
<p>我們認為，這是最壞的時代，也是最好的時代。新聞作為民主社會的重要機制，監督權力者、服務公民社會，有其本質上的必要性。何文超同學為所慶製作本則影片，回顧三十年來點點滴滴。</p>","activity-104442","News_Content_n_35498_s_104442.html","images/activities/activity-104442-1.png",""
"83036","activity","【活動】台大新聞所學會舉辦媒體實習經驗分享會","2021-10-18","演講","","","<p><br/>
日期：2021/10/12（二）<br/>
時間：19:20 - 21:30<br/>
地點：台大新聞所 103 室<br/>
人數：30 人<br/>
注意事項：進場時將會記名，請配戴口罩，並保持安全距離<br/>
報名連結：<a href=""https://docs.google.com/forms/d/e/1FAIpQLScUCDBXInmvL5gtANyIcBxnYwHUeTBhpCSc_XKIHR-aALktXw/viewform?fbclid=IwAR3eqyeIdhaSuNBAxbUVHcobjw2nDwVpkJwBJYd8KyfyqNkE7yi9njODWdg"">https://docs.google.com/forms/d/e/1FAIpQLScUCDBXInmvL5gtANyIcBxnYwHUeTBhpCSc_XKIHR-aALktXw/viewform?fbclid=IwAR3eqyeIdhaSuNBAxbUVHcobjw2nDwVpkJwBJYd8KyfyqNkE7yi9njODWdg</a></p>","activity-83036","News_Content_n_35498_sms_26668_s_83036.html","images/activities/activity-83036-1.png|||images/activities/activity-83036-2.jpg|||images/activities/activity-83036-3.jpg|||images/activities/activity-83036-4.jpg|||images/activities/activity-83036-5.jpg|||images/activities/activity-83036-6.jpg|||images/activities/activity-83036-7.jpg|||images/activities/activity-83036-8.jpg|||images/activities/activity-83036-9.jpg|||images/activities/activity-83036-10.jpg",""
"78432","activity","【活動】新聞所三十周年「後疫情時代的媒體狂飆」線上論壇","2021-05-14","活動","","","<p>臺大新聞所為慶祝30週年，舉辦了系列活動，敬邀您參加5月22日於線上語音社交平台Clubhouse舉辦的線上論壇「後疫情時代的媒體狂飆」。</p>
<p>在媒體科技的帶動下，新聞與數位內容發生巨大改變。傳統媒體不斷創新之際，各種網路及社群媒體更是方興未艾，也提供媒體人更多樣的發展空間。</p>
<p>時間：5/22（六）12:00-18:00</p>
<p>活動當天點擊<a href=""https://reurl.cc/e9e5yx"">連結</a>進入房間，即可參與論壇  <a href=""https://reurl.cc/Q7ykeZ"">https://reurl.cc/Q7ykeZ</a>  (線上進行，請勿至現場。)</p>
<p>12:00-13:50 新聞人投入聲音創作平台（Podcast, Clubhouse）</p>
<p>主持人：馬自明（商業周刊主筆）</p>
<p>與談人：王泰俐（臺大新聞所教授）、路怡珍（《全球串連早安新聞》主持人）、楊士範（《馬力歐陪你喝一杯》主持人）</p>
<p>14:00-15:50 社群媒體演算法當道，新聞媒體找新路</p>
<p>主持人：哈遠儀（中視新聞主播）</p>
<p>與談人：謝吉隆（臺大新聞所副教授）、張翔一（換日線頻道總編輯）、林宜儒（INSIDE/愛料理 共同創辦人）</p>","activity-78432","News_Content_n_35498_sms_26668_s_78432.html","images/activities/activity-78432-1.png",""
"46388","activity","【活動】紅色警戒：中國大外宣計畫與媒體資訊戰","2019-12-03","活動","","","<p>2009年，中國政府啟動大外宣計畫，投入大筆資金在全球「發聲」；2019年，「假新聞」成為台灣媒體業的關鍵字，言論自由與新聞自由的危機終於浮上檯面。十年之間，中國究竟如何透過其政治和經濟實力影響全球的媒體輿論，而被國際研究認為是假新聞重災區的台灣又如何面對四處伏流的資訊襲擊？台灣公民社會與公共領域面臨實質侵蝕，作為媒體工作者和閱聽人，我們能夠如何防禦和重建？</p>
<p>時間：5/6（一）19:00-21:30<br/>
地點：台大新聞所103視聽教室<br/>
講者：何清漣（《紅色滲透：中國媒體全球擴張的真相》作者、中國經濟社會學者與評論作家）<br/>
沈伯洋（國立臺北大學犯罪學研究所助理教授、台灣人權促進會副會長）</p>
<p>活動流程：<br/>
18:30-19:00 報到<br/>
19:00-19:15 來賓致詞<br/>
19:15-20:00 【講題一】何清漣／紅色滲透：中國大外宣計畫的十年擴張<br/>
20:00-20:45 【講題二】沈伯洋／假新聞與民主：中國的媒體資訊戰<br/>
20:45-21:30 現場問答與意見交流</p>
<p>＊本活動採線上報名，請欲參加者填寫網路表單（https://forms.gle/1zN2JXQpPXajgjva9），以便主辦單位統計人數。</p>","activity-46388","News_Content_n_35498_sms_26668_s_46388.html","images/activities/activity-46388-1.jpg",""
"59057","activity","【活動】精神疾病與紀實寫作者：《成為一個新人》新書講座","2019-12-03","演講","","","<p><p></p>
<p><strong>攝影／曾原信</strong></p>
<p> </p>
<p>上個月底，這些報導被集結成新書發行，臺大新聞所學生會有幸邀請記者張子午前來演講，談精神疾病與精神患者，也談新聞記者在報導時的定位和角色。邀請您一同聆聽與交流。</p>
<p> </p>
<p>他走進小燈泡媽媽家中，與受害者家屬對談。他專訪林奕含，聆聽精神患者的主體聲音。他也走進法庭，花半年追蹤牙科刺傷案，將司法、精神醫學、受害者與加害者四方的艱難對話，呈現給讀者。最後，他從龍發堂事件，以歷史和制度的宏觀視角，談精神疾病在臺灣社會的發展與現況。</p>
<p></p>
<p>2016年小燈泡事件，2017年林奕含事件，2018年龍發堂解散、思覺失調症男子衝入牙科刺傷三人。四個事件有個共同點，就是當事人與「精神疾病」的關聯，也因此事件引發大量評論，其中不乏對精神患者的標籤、污名與他者化。</p>
<p> </p>
<p>近年有群媒體工作者藉戲劇或報導，要帶人們理解精神疾病與社會的關係，反思正常／異常的二元思維。</p>
<p> </p>
<p>《我們與惡的距離》裡的應思聰，為觀眾開了扇窗，提供對精神患者的新認識。而過去三年多，記者張子午同樣用文字，讓讀者對幾個重大案件有更深、更廣闊的認識。</p>
<p></p>
<p></p>
<p> </p>
<p>主題：精神疾病與紀實寫作者（《成為一個新人：我們與精神疾病的距離》新書講座）</p>
<p>講者：張子午（作者、《報導者》記者）</p>
<p>日期：12月9日（一）</p>
<p>時間：18:30 - 19:30（18:00開放進場）</p>
<p>地點：臺大新聞所一樓103教室</p>
<p>報名方式：非本所師長或同學，請至下方表單填寫姓名與人數即可。</p>
<p><a href=""https://forms.gle/YnCqfa6XJQckFpj79"">https://forms.gle/YnCqfa6XJQckFpj79</a></p>
<p> </p>
<p></p>
<p> </p>
<p> </p>
</p>
<p>上個月底，這些報導被集結成新書發行，臺大新聞所學生會有幸邀請記者張子午前來演講，談精神疾病與精神患者，也談新聞記者在報導時的定位和角色。邀請您一同聆聽與交流。</p>
<p>他走進小燈泡媽媽家中，與受害者家屬對談。他專訪林奕含，聆聽精神患者的主體聲音。他也走進法庭，花半年追蹤牙科刺傷案，將司法、精神醫學、受害者與加害者四方的艱難對話，呈現給讀者。最後，他從龍發堂事件，以歷史和制度的宏觀視角，談精神疾病在臺灣社會的發展與現況。</p>
<p>2016年小燈泡事件，2017年林奕含事件，2018年龍發堂解散、思覺失調症男子衝入牙科刺傷三人。四個事件有個共同點，就是當事人與「精神疾病」的關聯，也因此事件引發大量評論，其中不乏對精神患者的標籤、污名與他者化。</p>
<p>近年有群媒體工作者藉戲劇或報導，要帶人們理解精神疾病與社會的關係，反思正常／異常的二元思維。</p>
<p>《我們與惡的距離》裡的應思聰，為觀眾開了扇窗，提供對精神患者的新認識。而過去三年多，記者張子午同樣用文字，讓讀者對幾個重大案件有更深、更廣闊的認識。</p>
<p>主題：精神疾病與紀實寫作者（《成為一個新人：我們與精神疾病的距離》新書講座）</p>
<p>講者：張子午（作者、《報導者》記者）</p>
<p>時間：18:30 - 19:30（18:00開放進場）</p>
<p>地點：臺大新聞所一樓103教室</p>","activity-59057","News_Content_n_35498_sms_26668_s_59057.html","images/activities/activity-59057-1.jpg",""
"259107","news","【招生訊息】115學年度甄試招生簡章","2025-11-04","招生","","","<ul data-child=""7"" data-index=""1""><li data-index=""1"">  認識本所  本所介紹  宗旨與目標  新聞所圖集  聯絡我們</li><li data-index=""2"">  消息與活動  最新消息  活動資訊  國際交流  學術活動  社科院心輔室</li><li data-index=""3"">  師資陣容  專任教師<ul data-child=""7"" data-index=""1""><li data-index=""1""> 謝吉隆 副教授兼所長</li><li data-index=""2""> 林麗雲 教授</li><li data-index=""3""> 洪貞玲 教授</li><li data-index=""4""> 林照真 教授</li><li data-index=""5""> Adrain Rauchfleisch（劉好迪） 教授</li><li data-index=""6""> 蔡蕙如 副教授</li><li data-index=""7""> 詹怡宜 副教授</li></ul>
  兼任教師  名譽教授  實務教師  合聘教師  感謝與追思  行政人員</li><li data-index=""4"">  入學資訊  臺大招生資訊  甄試入學簡章  招生考試簡章  歷屆考古題  國際生  僑港澳生  陸生</li><li data-index=""5"">  課程規劃  課程地圖  課表與課程大綱  修業規定  學位考試資訊  校際與跨系選課</li><li data-index=""6"">  出版發表  新聞所Medium  前期所報  畢業生論文  報導專書  臺大新聞論壇  畢業生就業狀況  台大資料新聞</li><li data-index=""7"">  獎補助  榮譽  本校獎學金</li></ul>","news-259107","News_Content_n_35497_s_259107.html","images/news/news-259107-1.png",""
"257857","news","【招生訊息】115學年度甄試招生口試榜單","2025-11-04","招生","","","<ul data-child=""7"" data-index=""1""><li data-index=""1"">  認識本所  本所介紹  宗旨與目標  新聞所圖集  聯絡我們</li><li data-index=""2"">  消息與活動  最新消息  活動資訊  國際交流  學術活動  社科院心輔室</li><li data-index=""3"">  師資陣容  專任教師<ul data-child=""7"" data-index=""1""><li data-index=""1""> 謝吉隆 副教授兼所長</li><li data-index=""2""> 林麗雲 教授</li><li data-index=""3""> 洪貞玲 教授</li><li data-index=""4""> 林照真 教授</li><li data-index=""5""> Adrain Rauchfleisch（劉好迪） 教授</li><li data-index=""6""> 蔡蕙如 副教授</li><li data-index=""7""> 詹怡宜 副教授</li></ul>
  兼任教師  名譽教授  實務教師  合聘教師  感謝與追思  行政人員</li><li data-index=""4"">  入學資訊  臺大招生資訊  甄試入學簡章  招生考試簡章  歷屆考古題  國際生  僑港澳生  陸生</li><li data-index=""5"">  課程規劃  課程地圖  課表與課程大綱  修業規定  學位考試資訊  校際與跨系選課</li><li data-index=""6"">  出版發表  新聞所Medium  前期所報  畢業生論文  報導專書  臺大新聞論壇  畢業生就業狀況  台大資料新聞</li><li data-index=""7"">  獎補助  榮譽  本校獎學金</li></ul>","news-257857","News_Content_n_35497_s_257857.html","images/news/news-257857-1.png",""
"258976","news","【學生榮譽】賀！新聞所學生楊仁獲「新北市紀錄片獎」優選！","2025-10-28","榮譽","","","<p><p>本所碩二學生楊仁以紀錄片《今生再會》，獲得新北市紀錄片獎優選 🎉🎉🎉</p>
<p>《今生再會》講述父親過世後，導演回到將面臨都市更新的舊公寓，其中的物品揭開導演與家人在父親臨走前的回憶與故事，讓他們重新面對彼此未解的情感糾葛。最終，導演與家人將會如何面對遺憾並與過去和解？</p>
<p>🎬 片花：<a href=""https://www.youtube.com/watch?v=6-dXsd6fquQ"">https://www.youtube.com/watch?v=6-dXsd6fquQ</a> </p>
</p>
<p>本所碩二學生楊仁以紀錄片《今生再會》，獲得新北市紀錄片獎優選 🎉🎉🎉</p>
<p>《今生再會》講述父親過世後，導演回到將面臨都市更新的舊公寓，其中的物品揭開導演與家人在父親臨走前的回憶與故事，讓他們重新面對彼此未解的情感糾葛。最終，導演與家人將會如何面對遺憾並與過去和解？</p>
<p>🎬 片花：<a href=""https://www.youtube.com/watch?v=6-dXsd6fquQ"">https://www.youtube.com/watch?v=6-dXsd6fquQ</a> </p>","news-258976","News_Content_n_35497_s_258976.html","images/news/news-258976-1.jpg",""
"257861","news","【學生榮譽】賀！新聞所同學入圍「第九屆全球華文永續報導獎」","2025-10-27","榮譽","","","<p>2025全球華文永續報導獎，新聞所同學入圍3篇平面組專題、1組影片類（短）、1組融媒體！
<strong>【學生組／平面類】</strong>
<strong>我今天「過關」了嗎？－跨性別者的日常生存戰</strong>
陳彥蓉、楊佳臻、林婕宇、陳思捷
完整報導連結：<a href=""https://reurl.cc/z5kOZN"">https://reurl.cc/z5kOZN</a>
 
<strong>未成年無照駕駛專題</strong>
柯采瑜、張童寧、楊 仁
完整報導連結：<a href=""https://reurl.cc/0WekEA"">https://reurl.cc/0WekEA</a>、<a href=""https://reurl.cc/OmoQvD"">https://reurl.cc/OmoQvD</a>
 
<strong>為烏克蘭而戰的台灣人：民主自由，理想成就，與戰死異鄉後的未竟解答</strong>
黃家安
完整報導連結：<a href=""https://reurl.cc/ekoQLQ"">https://reurl.cc/ekoQLQ</a>
 
<strong>【學生組／影片類（短）】</strong>
<strong>Google、Meta 打擊臺灣新聞 新聞議價法如何不讓媒體做白工？</strong>
柯采瑜、楊 仁、楊佳臻、黃家安、鍾侑芸、謝采宜、謝博硯、鄧芯怡、張玳瑋、何品辰、黃塏傑（與政治大學、臺灣藝術大學學生共同製作）
完整報導連結：<a href=""https://reurl.cc/3MQyyR"">https://reurl.cc/3MQyyR</a>
 
<strong>【學生組／融媒體】</strong>

<strong>天然氣撐起台灣發電，但航線及價格韌性備受考驗？</strong>
丁 祈、黃俐珏、戴悦鈴
完整報導連結：<a href=""https://reurl.cc/GNYgl3"">https://reurl.cc/GNYgl3</a>

 

<p>完整入圍名單：<a href=""https://drive.google.com/file/d/1mm4FEtZORuwlNo2gmHj6C2xnSbMEj8AX/view?pli=1"">https://drive.google.com/file/d/1mm4FEtZORuwlNo2gmHj6C2xnSbMEj8AX/view?pli=1</a></p>
<p> </p>
</p>
<p>完整入圍名單：<a href=""https://drive.google.com/file/d/1mm4FEtZORuwlNo2gmHj6C2xnSbMEj8AX/view?pli=1"">https://drive.google.com/file/d/1mm4FEtZORuwlNo2gmHj6C2xnSbMEj8AX/view?pli=1</a></p>","news-257861","News_Content_n_35497_s_257861.html","images/news/news-257861-1.jpg",""
"258800","news","【學生榮譽】賀！新聞所同學獲「第九屆全球華文永續報導獎」三項大獎！","2025-10-20","榮譽","","","<p><p> </p>
<strong>【學生組／平面類首獎】</strong>
<p><strong>未成年無照駕駛專題</strong></p>
<p>柯采瑜、張童寧、楊 仁</p>
<p>完整報導連結：<a href=""https://reurl.cc/0WekEA"">https://reurl.cc/0WekEA</a>、<a href=""https://reurl.cc/OmoQvD"">https://reurl.cc/OmoQvD</a></p>
<p> </p>
<strong>【學生組／平面類優等獎】</strong>
<p><strong>我今天「過關」了嗎？－跨性別者的日常生存戰</strong></p>
<p>陳彥蓉、楊佳臻、林婕宇、陳思捷</p>
<p>完整報導連結：<a href=""https://reurl.cc/z5kOZN"">https://reurl.cc/z5kOZN</a></p>
<p> </p>
<strong>【學生組／影片類（短）社會價值獎】</strong>
<p><strong>Google、Meta 打擊臺灣新聞 新聞議價法如何不讓媒體做白工？</strong></p>
<p>柯采瑜、楊 仁、楊佳臻、黃家安、鍾侑芸、謝采宜、謝博硯、鄧芯怡、張玳瑋、何品辰、黃塏傑（與政治大學、臺灣藝術大學學生共同製作）</p>
<p>完整報導連結：<a href=""https://reurl.cc/3MQyyR"">https://reurl.cc/3MQyyR</a></p>
<p> </p>
<p> </p>
</p>
<p>完整報導連結：<a href=""https://reurl.cc/0WekEA"">https://reurl.cc/0WekEA</a>、<a href=""https://reurl.cc/OmoQvD"">https://reurl.cc/OmoQvD</a></p>
<p><strong>我今天「過關」了嗎？－跨性別者的日常生存戰</strong></p>
<p>陳彥蓉、楊佳臻、林婕宇、陳思捷</p>
<p>完整報導連結：<a href=""https://reurl.cc/z5kOZN"">https://reurl.cc/z5kOZN</a></p>
<p><strong>Google、Meta 打擊臺灣新聞 新聞議價法如何不讓媒體做白工？</strong></p>
<p>柯采瑜、楊 仁、楊佳臻、黃家安、鍾侑芸、謝采宜、謝博硯、鄧芯怡、張玳瑋、何品辰、黃塏傑（與政治大學、臺灣藝術大學學生共同製作）</p>
<p>完整報導連結：<a href=""https://reurl.cc/3MQyyR"">https://reurl.cc/3MQyyR</a></p>","news-258800","News_Content_n_35497_sms_26652_s_258800.html","images/news/news-258800-1.jpg|||images/news/news-258800-2.png|||images/news/news-258800-3.png|||images/news/news-258800-4.png",""
"250871","news","【徵聘教師啟事】114學年度第2學期誠徵專任教師公告","2025-05-29","公告","","","<ul data-child=""7"" data-index=""1""><li data-index=""1"">  認識本所  本所介紹  宗旨與目標  新聞所圖集  聯絡我們</li><li data-index=""2"">  消息與活動  最新消息  活動資訊  國際交流  學術活動  社科院心輔室</li><li data-index=""3"">  師資陣容  專任教師<ul data-child=""7"" data-index=""1""><li data-index=""1""> 謝吉隆 副教授兼所長</li><li data-index=""2""> 林麗雲 教授</li><li data-index=""3""> 洪貞玲 教授</li><li data-index=""4""> 林照真 教授</li><li data-index=""5""> Adrain Rauchfleisch（劉好迪） 教授</li><li data-index=""6""> 蔡蕙如 副教授</li><li data-index=""7""> 詹怡宜 副教授</li></ul>
  兼任教師  名譽教授  實務教師  合聘教師  感謝與追思  行政人員</li><li data-index=""4"">  入學資訊  臺大招生資訊  甄試入學簡章  招生考試簡章  歷屆考古題  國際生  僑港澳生  陸生</li><li data-index=""5"">  課程規劃  課程地圖  課表與課程大綱  修業規定  學位考試資訊  校際與跨系選課</li><li data-index=""6"">  出版發表  新聞所Medium  前期所報  畢業生論文  報導專書  臺大新聞論壇  畢業生就業狀況  台大資料新聞</li><li data-index=""7"">  獎補助  榮譽  本校獎學金</li></ul>","news-250871","News_Content_n_35497_sms_26652_s_250871.html","images/news/news-250871-1.png",""
"211542","news","【專訪榮退教授】谷玲玲：Go with the flow，自在瀟灑迎接退休生活","2023-02-09","學術","","","<p><p>走進台大新聞所305研究室，映入眼簾的除了藏書豐富的書櫥、代表學術成就的證書獎座、與學生的合照之外，牆上多幅畫作及可愛逗趣的裝飾小物更是吸睛，反映出谷玲玲老師優雅的文藝氣質。伴隨著空氣中瀰漫的咖啡香，準備在2月正式退休的谷玲玲被問到離開學校後的生活，卻直言「我沒有什麼退休規劃耶！」</p>
<p>記者／劉騏瑋</p>




谷玲玲老師研究室牆上，掛了大幅色彩繽紛的畫作，展現其對藝術的喜好。（攝影／劉騏瑋）

<p>「我沒有什麼規劃。應該是說，我沒有特別想過退休後就要做什麼，或不做什麼，一切都是go with the flow。」谷玲玲說，雖然曾有過各種對退休生活的想像，但實際到了那一天，想法似乎又都變了。在面臨人生轉換期的此刻，她不急著起步，希望先把自己的身心安頓好，慢慢迎接下一段新生活的開始。</p>
<p>回顧谷玲玲的教學生涯，甫從美國回台時曾在交大傳播所教書3年，之後來到台大新聞所任教。「剛來時我很喜歡台大的環境。在這裡不管修課、教課或做研究，自由度都很高。」自由的學術環境與豐富的資源，讓她在這裡一待就是26年。</p>
<p>谷玲玲具有多年媒體實務經驗，在臺大新聞所任教期間，指導歷屆學生，目前仍有不少人在實務界發揮長才。谷玲玲主授研究方法，並開授資訊科技與社會、英文新聞寫作等課程。在所有任教的課程中，「英文新聞寫作」的實務課程，對谷玲玲來說不僅能發揮過去在美國的教學專長、傳承曾在英文媒體的工作經驗，也透過這門課看見不同學生的特質。在疫情前，此門課的學生組成非常多元，除了本所學生，還包括英國、澳洲、法國、義大利等地的外籍生，甚至吸引理工科系學生修習。「以前的學生膽子比較大，願意接受挑戰，（儘管）修得滿頭包也很起勁，」她觀察，現在的同學面對英語課程普遍保守，或許是擔心英文不夠好、壓力太大。</p>
<p>基於多年的教學經驗，谷玲玲想要對學生提供什麼建議呢？她鼓勵同學不要自我設限、上課時多主動發問，「台灣同學普遍還是太乖，不太在課堂上發言，遇到課題可能也是悶著頭做，但老師其實是可以被挑戰的。」她坦言，老師也會想要知道年輕學生關心什麼？對事件的看法是什麼？師生之間能夠教學相長，新舊世代之間有交流的火花，這對老師而言不只是最開心的事，也是成長的養分。</p>
<p>採訪當下，距離退休僅剩不到2個月，但谷玲玲的研究室依然擺放著許多書籍，桌椅、擺設依舊，絲毫看不出打包痕跡。「這已經是花了半年陸續整理的結果了，以前東西更多，書都堆在地上！」說起過去的壯觀書山景象，對她來說仍歷歷在目。面對這些年在台大新聞所累積的點點滴滴，該如何為這趟豐富旅程畫下句點？谷玲玲早已想好一套劇本，「我幻想的狀況是什麼都不帶走，只帶私人的東西，最後熄燈離開。」語畢，她喃喃地自問自答，像是在與內在的自己對話，或者說再次確認，「但人真的可以這麼灑脫嗎？我覺得就是要練習啊。」</p>
</p>
<p>走進台大新聞所305研究室，映入眼簾的除了藏書豐富的書櫥、代表學術成就的證書獎座、與學生的合照之外，牆上多幅畫作及可愛逗趣的裝飾小物更是吸睛，反映出谷玲玲老師優雅的文藝氣質。伴隨著空氣中瀰漫的咖啡香，準備在2月正式退休的谷玲玲被問到離開學校後的生活，卻直言「我沒有什麼退休規劃耶！」</p>
<p>「我沒有什麼規劃。應該是說，我沒有特別想過退休後就要做什麼，或不做什麼，一切都是go with the flow。」谷玲玲說，雖然曾有過各種對退休生活的想像，但實際到了那一天，想法似乎又都變了。在面臨人生轉換期的此刻，她不急著起步，希望先把自己的身心安頓好，慢慢迎接下一段新生活的開始。</p>
<p>回顧谷玲玲的教學生涯，甫從美國回台時曾在交大傳播所教書3年，之後來到台大新聞所任教。「剛來時我很喜歡台大的環境。在這裡不管修課、教課或做研究，自由度都很高。」自由的學術環境與豐富的資源，讓她在這裡一待就是26年。</p>
<p>谷玲玲具有多年媒體實務經驗，在臺大新聞所任教期間，指導歷屆學生，目前仍有不少人在實務界發揮長才。谷玲玲主授研究方法，並開授資訊科技與社會、英文新聞寫作等課程。在所有任教的課程中，「英文新聞寫作」的實務課程，對谷玲玲來說不僅能發揮過去在美國的教學專長、傳承曾在英文媒體的工作經驗，也透過這門課看見不同學生的特質。在疫情前，此門課的學生組成非常多元，除了本所學生，還包括英國、澳洲、法國、義大利等地的外籍生，甚至吸引理工科系學生修習。「以前的學生膽子比較大，願意接受挑戰，（儘管）修得滿頭包也很起勁，」她觀察，現在的同學面對英語課程普遍保守，或許是擔心英文不夠好、壓力太大。</p>
<p>基於多年的教學經驗，谷玲玲想要對學生提供什麼建議呢？她鼓勵同學不要自我設限、上課時多主動發問，「台灣同學普遍還是太乖，不太在課堂上發言，遇到課題可能也是悶著頭做，但老師其實是可以被挑戰的。」她坦言，老師也會想要知道年輕學生關心什麼？對事件的看法是什麼？師生之間能夠教學相長，新舊世代之間有交流的火花，這對老師而言不只是最開心的事，也是成長的養分。</p>
<p>採訪當下，距離退休僅剩不到2個月，但谷玲玲的研究室依然擺放著許多書籍，桌椅、擺設依舊，絲毫看不出打包痕跡。「這已經是花了半年陸續整理的結果了，以前東西更多，書都堆在地上！」說起過去的壯觀書山景象，對她來說仍歷歷在目。面對這些年在台大新聞所累積的點點滴滴，該如何為這趟豐富旅程畫下句點？谷玲玲早已想好一套劇本，「我幻想的狀況是什麼都不帶走，只帶私人的東西，最後熄燈離開。」語畢，她喃喃地自問自答，像是在與內在的自己對話，或者說再次確認，「但人真的可以這麼灑脫嗎？我覺得就是要練習啊。」</p>","news-211542","News_Content_n_35497_s_211542.html","images/news/news-211542-1.jpg",""
"211541","news","【專訪榮退教授】張錦華：傳播研究是對生命意義的反思 讓人寬容勇敢面對世界","2023-02-09","學術","","","<p><p>台大新聞所榮譽教授張錦華的認真與嚴謹，不只展現在教學與研究，連接受訪問時也見微知著。當我們在兼任教師研究室面對面坐下，關切張老師的退休心得，她隨即抖開一疊紙，上面密密麻麻的文字、畫線與註解，是事先根據訪綱擬好的答案。這疊紙上，寫的是她這些年在新聞所任教的點滴。</p>
<p>記者／劉騏瑋</p>
<p> </p>




張錦華認為，即使退休，也依然會持續投入自己關心的社會議題。（攝影／劉騏瑋）

<p>台大新聞所成立於解嚴後的1991年，隔年張錦華即應聘任教，是所上第一位正式老師。長年的教學研究生涯中，張錦華先後出任3任所長，樹立新聞所重要發展方向，誠如她在新聞所三十周年校友重聚中所言：「新聞所好的壞的，都算我的！」</p>
<p>張錦華是台灣少數批判傳播研究先驅，長年開授傳播理論、質化研究方法、多元文化等課程。回顧教書生涯感到最有意義的事，「現在想起來，都是師生一起參與各式倡議、改革活動的經驗」。張錦華展現批判研究的知行合一認為結構批判的理念能走出書本，應用於主體實踐對她來說格外重要。「我們從理論出發，試著對社會上充斥的各種媒體亂象提出實際解方。」她細數這些年曾參與過的各式媒改運動，包括譴責瘦身廣告、反媒體置入、反媒體壟斷等，彷彿這些事情昨天才剛剛發生。「在教學的同時，透過參與社會運動，不只維護新聞環境，也凸顯社會多元民主價值。」</p>
<p>張錦華的教學與實踐，也對學生產生深刻影響。她觀察，新聞所的師生普遍都有種對公眾事務的關懷與正義感。在幾次的倡議活動中，不只所內師生自發參與，也能看見許多畢業校友的身影，大家集結起來以不同方式聲援議題。「關心公共事務的同時，團隊合作很重要。像是反媒體壟斷大遊行那時候，走在街上，不知不覺新聞所校友們就都走在一起了，大概來了70多位吧。」她回憶道。這群曾在「華府」中學習的學生，令張錦華念念不忘，而學生即使畢業之後也時常往來，成為志同道合的朋友。</p>
<p>另外，每年舉辦的各大新聞獎得獎名單上，都能找到新聞所學生、校友的名字。「這些都讓我覺得，（台大新聞所）真的有達成當初設所的目標，」張錦華表示，雖然不見得每位同學最後都會選擇進入新聞業，但是對於那些以新聞傳播為職志的人，所上的學習經驗能提供他們深耕下去的能力，讓他們在自己的專業上發光發熱，對老師而言就是最好的收穫。「任教這麼多年來，我也體會到，傳播研究其實是一種對生命意義的反思。」張錦華認為，這不只讓她能以更寬容、關懷的心態看待周遭人事物，也更有勇氣去面對真實、面對世界。</p>
<p>張錦華於2022年6月正式榮退，但仍應新聞所之邀繼續兼課，開設「多元文化論與傳播研究」，獲得學生熱烈好評。她說自己沒有特定的開課規劃，未來應會不定時穿梭在各級校園，講述基礎的媒體素養相關內容。此外，關於俄烏戰爭、假訊息、性別族群，以及法輪功的修煉與弘法，這些原本就深耕的領域，即便離開了學院，她也會繼續關注。「現在不是都說樂齡老化嗎？隨著年紀增長，身心靈的照顧也很重要，要活到老學到老。」她笑著說。</p>
<p>傳播環境因科技革新而面臨劇烈變化，張錦華認為，網路媒體的興起雖然促進了社會的多元對話，某種層面上卻也加劇了同溫層的形成與群體對立。「所以回到根本，媒體素養其實還是最重要。」她肯定台灣現已有許多深耕長篇專題的優質媒體，也認為若每個人都願意接觸不同立場的意見，社會才能有真正的多元與包容。</p>
<p>轉眼間，張錦華的退休生活已是現在進行式，對她來說，人生下半場最大的變動就是搬家到桃園，「以前從宿舍走到所上只要5分鐘，現在通勤都至少要1小時起跳！」生活圈從台北挪移到桃園，一切都需要重新適應。不過張錦華似乎依舊怡然自得，「這也是人生的功課，」她笑說，「就是要隨遇而安、享受當下。」</p>
</p>
<p>台大新聞所榮譽教授張錦華的認真與嚴謹，不只展現在教學與研究，連接受訪問時也見微知著。當我們在兼任教師研究室面對面坐下，關切張老師的退休心得，她隨即抖開一疊紙，上面密密麻麻的文字、畫線與註解，是事先根據訪綱擬好的答案。這疊紙上，寫的是她這些年在新聞所任教的點滴。</p>
<p>台大新聞所成立於解嚴後的1991年，隔年張錦華即應聘任教，是所上第一位正式老師。長年的教學研究生涯中，張錦華先後出任3任所長，樹立新聞所重要發展方向，誠如她在新聞所三十周年校友重聚中所言：「新聞所好的壞的，都算我的！」</p>
<p>張錦華是台灣少數批判傳播研究先驅，長年開授傳播理論、質化研究方法、多元文化等課程。回顧教書生涯感到最有意義的事，「現在想起來，都是師生一起參與各式倡議、改革活動的經驗」。張錦華展現批判研究的知行合一認為結構批判的理念能走出書本，應用於主體實踐對她來說格外重要。「我們從理論出發，試著對社會上充斥的各種媒體亂象提出實際解方。」她細數這些年曾參與過的各式媒改運動，包括譴責瘦身廣告、反媒體置入、反媒體壟斷等，彷彿這些事情昨天才剛剛發生。「在教學的同時，透過參與社會運動，不只維護新聞環境，也凸顯社會多元民主價值。」</p>
<p>張錦華的教學與實踐，也對學生產生深刻影響。她觀察，新聞所的師生普遍都有種對公眾事務的關懷與正義感。在幾次的倡議活動中，不只所內師生自發參與，也能看見許多畢業校友的身影，大家集結起來以不同方式聲援議題。「關心公共事務的同時，團隊合作很重要。像是反媒體壟斷大遊行那時候，走在街上，不知不覺新聞所校友們就都走在一起了，大概來了70多位吧。」她回憶道。這群曾在「華府」中學習的學生，令張錦華念念不忘，而學生即使畢業之後也時常往來，成為志同道合的朋友。</p>
<p>另外，每年舉辦的各大新聞獎得獎名單上，都能找到新聞所學生、校友的名字。「這些都讓我覺得，（台大新聞所）真的有達成當初設所的目標，」張錦華表示，雖然不見得每位同學最後都會選擇進入新聞業，但是對於那些以新聞傳播為職志的人，所上的學習經驗能提供他們深耕下去的能力，讓他們在自己的專業上發光發熱，對老師而言就是最好的收穫。「任教這麼多年來，我也體會到，傳播研究其實是一種對生命意義的反思。」張錦華認為，這不只讓她能以更寬容、關懷的心態看待周遭人事物，也更有勇氣去面對真實、面對世界。</p>
<p>張錦華於2022年6月正式榮退，但仍應新聞所之邀繼續兼課，開設「多元文化論與傳播研究」，獲得學生熱烈好評。她說自己沒有特定的開課規劃，未來應會不定時穿梭在各級校園，講述基礎的媒體素養相關內容。此外，關於俄烏戰爭、假訊息、性別族群，以及法輪功的修煉與弘法，這些原本就深耕的領域，即便離開了學院，她也會繼續關注。「現在不是都說樂齡老化嗎？隨著年紀增長，身心靈的照顧也很重要，要活到老學到老。」她笑著說。</p>
<p>傳播環境因科技革新而面臨劇烈變化，張錦華認為，網路媒體的興起雖然促進了社會的多元對話，某種層面上卻也加劇了同溫層的形成與群體對立。「所以回到根本，媒體素養其實還是最重要。」她肯定台灣現已有許多深耕長篇專題的優質媒體，也認為若每個人都願意接觸不同立場的意見，社會才能有真正的多元與包容。</p>
<p>轉眼間，張錦華的退休生活已是現在進行式，對她來說，人生下半場最大的變動就是搬家到桃園，「以前從宿舍走到所上只要5分鐘，現在通勤都至少要1小時起跳！」生活圈從台北挪移到桃園，一切都需要重新適應。不過張錦華似乎依舊怡然自得，「這也是人生的功課，」她笑說，「就是要隨遇而安、享受當下。」</p>","news-211541","News_Content_n_35497_sms_26652_s_211541.html","images/news/news-211541-1.jpg",""
"104734","news","【專訪新聘教師】張潔平：「建立起自己的宏觀框架，才能去理解社會。」","2022-09-18","學術","","","<p>




台大新聞所《兩岸三地新聞專題》教師張潔平（攝影／房荷庭）

<p>2022 年起，新聞所新聘三位實務兼任教師，補充實務課程的新能量！ TVBS 新聞部副總經理詹怡宜、影像工作者兼過癮科技創辦人鄭凱駿合作開授《影像報導二》，遞補前公視經理林樂群退休後的專業空缺；屢獲華文新聞獎、Matters 創辦人張潔平開授《兩岸三地新聞專題》，為這門停擺多年的課程注入新氣象。本期電子報專訪三位實務教師，了解他們的課程特色、對新聞志業的看法，以及對學生的誠懇建議。</p>
<p> </p>
<p>記者／黃立安 <a href=""https://medium.com/@ntujour2022/%E6%96%B0%E8%81%98%E5%AF%A6%E5%8B%99%E6%95%99%E5%B8%AB%E5%B8%B6%E4%BE%86%E8%AA%B2%E7%A8%8B%E6%96%B0%E6%B0%A3%E8%B1%A1-%E4%B8%89-%E5%B0%88%E8%A8%AA%E5%BC%B5%E6%BD%94%E5%B9%B3-%E5%BB%BA%E7%AB%8B%E8%B5%B7%E8%87%AA%E5%B7%B1%E7%9A%84%E5%AE%8F%E8%A7%80%E6%A1%86%E6%9E%B6-%E6%89%8D%E8%83%BD%E5%8E%BB%E7%90%86%E8%A7%A3%E7%A4%BE%E6%9C%83-ebbeb874705f"">往Medium閱讀</a></p>
<p> </p>


<p>「我想帶給你們的是不一樣的世界觀，如果你感到很困惑、很迷茫，這正是我要的狀態。」在台大新聞所「兩岸三地新聞專題」的第一堂課上，新聘實務教師張潔平向台下30多位學生講出她教學的期待。對張潔平來說，教學的目的是要給學生不同的世界觀，讓學生慢慢去建立起對事物的框架。</p>
<p> </p>
<p><em>「我覺得我可能比較貪心吧，因為我想要的東西就是，如果大家對自己原有的世界觀有一些衝擊，我就挺開心的。」</em></p>
<p> </p>
<p>生長於中國江蘇的張潔平，2005年赴香港大學攻讀碩士學位，隨後開啟精采的新聞生涯，曾任《亞洲週刊》記者、紐約時報中文網專欄撰稿人、《號外》雜誌副主編、《端傳媒》總編輯，現職為Matters Lab創辦人。張潔平對於中國社會變遷、人權議題的報導與評論，屢獲華文圈新聞大獎的肯定，包括2018年以〈獨家：劉曉波7月5日最後手稿全文披露，送給劉霞的最後禮物〉，拿下三個新聞獎項。</p>
<p> </p>
<p>張潔平經歷過中國與香港關係的甜蜜期，同時也目睹2019年雙方關係降至冰點的轉折，見證了香港整體社會氛圍強烈的轉變。近幾年輾轉之間，張潔平來到台灣生活，作為一個跨域者，她期望透過在台大新聞所教課期間，更全面地認識台灣社會。</p>
<p> </p>
<p>三年前，張潔平曾於香港浸會大學及香港大學任教，回憶起初次踏入課堂的初衷，「我覺得我已經跟年輕人脫節了」，即使在工作領域中，仍會接觸到年輕一輩的同事，但張潔平認為，剛出社會的新鮮人和在學學生想法已經不同，「當我感知不到這個群體的想法，我只能透過媒體看他們的表達時，我就覺得非常地恐慌，就是我想要理解，我想更感受到這個溫度，所以我當時就開始教課。」</p>
<p> </p>
<p>張潔平笑稱，自己其實不是一個很喜歡教課的人，但她認為自己始終保有的記者魂及好奇心，驅使她步入教學的殿堂，「我很喜歡跟不同的人群交流，對我來說，課堂就是當年紀越來越大後，最能夠與年輕人保持一手交流的環境。」</p>
<p> </p>
<p>在不同的社會與場域教學，張潔平認為設計課程就像記者在做選題，面對著不同讀者要有不同的角度，因此她都會將課程內容重新整理，讓不同群體的學生能夠從原先身處的脈絡中，拓展更多視野。在台灣第一次教課，張潔平期望透過「兩岸三地新聞專題」這門課，帶給台灣學生不一樣的華文社會觀點，「建立自己的宏觀框架，才能去理解社會。」</p>
<p> </p>
<p>課程中，張潔平透過選題會，讓同學模擬記者身份，試著去擷取對新聞事件取材與角度，但幾週下來，她觀察到，對比香港及中國學生，台灣同學選題角度較為宏大，「他們的報題都特別全知視角，有一種好像我要告訴你這件事情的全貌」若以媒體來比擬，｢就好比你看到台灣電視政論節目那種感覺」。相較之下，張潔平認為，香港學生選題較微觀、具體，中國學生則是容易受到官方媒體語言的影響。短短一小時的課堂選題會上，張潔平從學生身上看見了各地媒體的縮影及影響。</p>
<p> </p>
<p>現今華文媒體生態變動快速，新聞傳播學系畢業生擔任記者比例日益下降，面對此趨勢，張潔平認為學生不必拘泥於環境的限制，可以先發展其他專業，在專業領域中建構起對社會真實的認知，未來若保有想做紀錄者的魂，可以發展部落格或在業餘時間做採訪、做田野，「你如果想做記者做的事情，其實不需要當記者也可以做到。」</p>
<p> </p>
<p>對於未來有志從事記者工作的學生，張潔平則建議應積累大量閱讀，「對於一個剛出社會的年輕人來說，社會化的經驗還沒建立起來，就要描述社會給讀者聽，這中間會有很大的落差。」只有靠大量閱讀別人的經驗，建立起對社會的基本知識。同時，張潔平以自身經歷勉勵學生，「我過去在媒體機構任職時，沒有前輩帶領，基本上就是靠著大量的採訪，快速搭建起各種知識背景的知識庫。」張潔平認為透過讀書，與跟有想法、專業的人大量的對話，是想成為一名好記者必須做好的基本功。</p>
<p> </p>
<p><em>「作為一個記者，最基本的就是要快速建立起，對陌生議題跟陌生世界的理解。」</em></p>
<p> </p>
<p>來到台大新聞所教課，是張潔平在台灣教學經歷的起點，也是她面對台灣學生的第一次嘗試，她期望透過課堂帶給學生書本上沒有的內容，「盡量多讓大家知道，除了那種看世界的角度，還有這麼多種，就像萬花筒一樣，告訴大家原來有多種世界觀，然後你要慢慢地做出你的選擇。」張潔平說。</p>

</p>
<p>2022 年起，新聞所新聘三位實務兼任教師，補充實務課程的新能量！ TVBS 新聞部副總經理詹怡宜、影像工作者兼過癮科技創辦人鄭凱駿合作開授《影像報導二》，遞補前公視經理林樂群退休後的專業空缺；屢獲華文新聞獎、Matters 創辦人張潔平開授《兩岸三地新聞專題》，為這門停擺多年的課程注入新氣象。本期電子報專訪三位實務教師，了解他們的課程特色、對新聞志業的看法，以及對學生的誠懇建議。</p>
<p>記者／黃立安 <a href=""https://medium.com/@ntujour2022/%E6%96%B0%E8%81%98%E5%AF%A6%E5%8B%99%E6%95%99%E5%B8%AB%E5%B8%B6%E4%BE%86%E8%AA%B2%E7%A8%8B%E6%96%B0%E6%B0%A3%E8%B1%A1-%E4%B8%89-%E5%B0%88%E8%A8%AA%E5%BC%B5%E6%BD%94%E5%B9%B3-%E5%BB%BA%E7%AB%8B%E8%B5%B7%E8%87%AA%E5%B7%B1%E7%9A%84%E5%AE%8F%E8%A7%80%E6%A1%86%E6%9E%B6-%E6%89%8D%E8%83%BD%E5%8E%BB%E7%90%86%E8%A7%A3%E7%A4%BE%E6%9C%83-ebbeb874705f"">往Medium閱讀</a></p>
<p>「我想帶給你們的是不一樣的世界觀，如果你感到很困惑、很迷茫，這正是我要的狀態。」在台大新聞所「兩岸三地新聞專題」的第一堂課上，新聘實務教師張潔平向台下30多位學生講出她教學的期待。對張潔平來說，教學的目的是要給學生不同的世界觀，讓學生慢慢去建立起對事物的框架。</p>
<p><em>「我覺得我可能比較貪心吧，因為我想要的東西就是，如果大家對自己原有的世界觀有一些衝擊，我就挺開心的。」</em></p>
<p>生長於中國江蘇的張潔平，2005年赴香港大學攻讀碩士學位，隨後開啟精采的新聞生涯，曾任《亞洲週刊》記者、紐約時報中文網專欄撰稿人、《號外》雜誌副主編、《端傳媒》總編輯，現職為Matters Lab創辦人。張潔平對於中國社會變遷、人權議題的報導與評論，屢獲華文圈新聞大獎的肯定，包括2018年以〈獨家：劉曉波7月5日最後手稿全文披露，送給劉霞的最後禮物〉，拿下三個新聞獎項。</p>
<p>張潔平經歷過中國與香港關係的甜蜜期，同時也目睹2019年雙方關係降至冰點的轉折，見證了香港整體社會氛圍強烈的轉變。近幾年輾轉之間，張潔平來到台灣生活，作為一個跨域者，她期望透過在台大新聞所教課期間，更全面地認識台灣社會。</p>
<p>三年前，張潔平曾於香港浸會大學及香港大學任教，回憶起初次踏入課堂的初衷，「我覺得我已經跟年輕人脫節了」，即使在工作領域中，仍會接觸到年輕一輩的同事，但張潔平認為，剛出社會的新鮮人和在學學生想法已經不同，「當我感知不到這個群體的想法，我只能透過媒體看他們的表達時，我就覺得非常地恐慌，就是我想要理解，我想更感受到這個溫度，所以我當時就開始教課。」</p>
<p>張潔平笑稱，自己其實不是一個很喜歡教課的人，但她認為自己始終保有的記者魂及好奇心，驅使她步入教學的殿堂，「我很喜歡跟不同的人群交流，對我來說，課堂就是當年紀越來越大後，最能夠與年輕人保持一手交流的環境。」</p>
<p>在不同的社會與場域教學，張潔平認為設計課程就像記者在做選題，面對著不同讀者要有不同的角度，因此她都會將課程內容重新整理，讓不同群體的學生能夠從原先身處的脈絡中，拓展更多視野。在台灣第一次教課，張潔平期望透過「兩岸三地新聞專題」這門課，帶給台灣學生不一樣的華文社會觀點，「建立自己的宏觀框架，才能去理解社會。」</p>","news-104734","News_Content_n_35497_s_104734.html","images/news/news-104734-1.jpg",""
"104731","news","【專訪新聘教師】詹怡宜：「不要因為路走得太遠，而忘記為什麼出發」","2022-04-19","學術","","","<p>2022 年起，新聞所新聘三位實務兼任教師，補充實務課程的新能量！ TVBS 新聞部副總經理詹怡宜、影像工作者兼過癮科技創辦人鄭凱駿合作開授《影像報導二》，遞補前公視經理林樂群退休後的專業空缺；屢獲華文新聞獎、Matters 創辦人張潔平開授《兩岸三地新聞專題》，為這門停擺多年的課程注入新氣象。本期電子報專訪三位實務教師，了解他們的課程特色、對新聞志業的看法，以及對學生的誠懇建議。</p>
<p>記者／曾子軒 <a href=""https://medium.com/@ntujour2022/%E6%96%B0%E8%81%98%E5%AF%A6%E5%8B%99%E6%95%99%E5%B8%AB%E5%B8%B6%E4%BE%86%E8%AA%B2%E7%A8%8B%E6%96%B0%E6%B0%A3%E8%B1%A1-%E5%B0%88%E8%A8%AA%E8%A9%B9%E6%80%A1%E5%AE%9C-%E4%B8%8D%E8%A6%81%E5%9B%A0%E7%82%BA%E8%B7%AF%E8%B5%B0%E5%BE%97%E5%A4%AA%E9%81%A0-%E8%80%8C%E5%BF%98%E8%A8%98%E7%82%BA%E4%BB%80%E9%BA%BC%E5%87%BA%E7%99%BC-f8871ab933a5"">往Medium閱讀</a></p>
<p>2022 年 2 月開始，TVBS 新聞部副總經理詹怡宜重回畢業多年的台大校園，從學生轉變為教師的身分。身為TVBS開台元老及重要主管，又是《一步一腳印，發現新台灣》的金鐘主持人，詹怡宜撥冗到新聞所授課，讓學生近距離親炙風采，不再只是螢幕上的遙遠身影了。</p>
<p>去年 4 月，媒體傳出詹怡宜即將從TVBS退休的消息，詹怡宜本人也證實了此事，但因為遇上疫情爆發而暫緩離職。面對這個轉折，詹怡宜解釋，從有線電視逐漸進入數位時代，有太多事情都變得不一樣了，「有些東西想整理，回到當初喜歡做報導的初衷。」不久之後，新聞所資深實務教師林樂群退休，並高度推薦詹怡宜接任開授《影像報導二》，促成這項合作。獲邀到台大新聞所授課，讓詹怡宜有機會向年輕人傳承從事新聞的初衷。</p>
<p>近年來媒體環境惡化，記者也不再是受人敬仰遑論嚮往的工作。「最後大家在追求收視率，想著用更多技術，怎麼用標題讓人上癮，怎麼讓大家看了好開心，變得更有渲染力，最後就忘記原來的路、走偏了。」對詹怡宜來說，記者是很重要的職業，能夠為歷史留下紀錄，把眼中所見貢獻給文明。她說，記者確實需要學習新的技術，但不能忘記最單純的記者職責，那是一件很有價值的事。「不要因為路走得太遠，而忘記為什麼出發。」</p>","news-104731","News_Content_n_35497_sms_26652_s_104731.html","images/news/news-104731-1.png",""
"104732","news","【專訪新聘教師】鄭凱駿：「不只是 journalism，還要有 storytelling」","2022-04-19","學術","","","<p>2022 年起，新聞所新聘三位實務兼任教師，補充實務課程的新能量！ TVBS 新聞部副總經理詹怡宜、影像工作者兼過癮科技創辦人鄭凱駿合作開授《影像報導二》，遞補前公視經理林樂群退休後的專業空缺；屢獲華文新聞獎、Matters 創辦人張潔平開授《兩岸三地新聞專題》，為這門停擺多年的課程注入新氣象。本期電子報專訪三位實務教師，了解他們的課程特色、對新聞志業的看法，以及對學生的誠懇建議。</p>
<p>記者／曾子軒 <a href=""https://medium.com/@ntujour2022/%E6%96%B0%E8%81%98%E5%AF%A6%E5%8B%99%E6%95%99%E5%B8%AB%E5%B8%B6%E4%BE%86%E8%AA%B2%E7%A8%8B%E6%96%B0%E6%B0%A3%E8%B1%A1-%E4%BA%8C-%E5%B0%88%E8%A8%AA%E9%84%AD%E5%87%B1%E9%A7%BF-%E4%B8%8D%E5%8F%AA%E6%98%AF-journalism-%E9%82%84%E8%A6%81%E6%9C%89-storytelling-99c4027bad05"">往Medium閱讀</a></p>
<p>本學期開始的週二晚上，在台大新聞所 103 教室的《影像報導二》課堂上，你會看到一位穿著運動休閒服、貌似學生的黝黑男子，正熱情地跟學生討論自己參與製作的國際影像作品。他是鄭凱駿，影視公司過癮科技的創辦人，從台大新聞所畢業生，轉而成為新聞所的兼任實務教師。</p>
<p>自新聞所畢業後，鄭凱駿很快累積國際媒體的製作經驗。他曾經在路透社和半島電視台做新聞，並進入 Discovery 擔任節目製作人，主要負責 10 分鐘以內的短片。勇於接受挑戰的鄭凱駿，一直轉換職場，並開啟創業之路。他創辦過癮科技，拍攝製作國際影視內容。</p>
<p>鄭凱駿的職涯多變，無論工作內容或者身處的環境，都和共同授課老師、TVBS副總詹怡宜天差地遠。鄭凱駿因此認為，跟詹怡宜一起開課是很好的搭配，因為兩人能夠帶給學生不同的角度，恰為互補。因應林樂群老師退休，新聞所尋得兩位實務教師開授《影像報導二》的進階實務課程，嘗試結合多樣的影像製作能力。</p>
<p>「報導的能力以外，我希望帶給同學社群思維，知道怎麼樣去行銷、影響讀者。」鄭凱駿強調，除了影像報導的前置作業和實際拍攝以外，他想讓同學熟悉產製的最後一哩路。Instagram、TikTok、Youtube，無論是哪種媒介，都要有能力包裝內容，把想說的故事傳遞給讀者，「不只是 journalism，還要有 storytelling。」</p>
<p>鄭凱駿希望同學把握修課時拍攝影像報導的機會，拿出好作品，讓新聞機構或公司慕名而來，「看到作品，就想找你上班。」鄭凱駿說，因為技術演進，器材還有剪輯軟體都變得簡便，即使是年輕人的作品，也有讓世界看見的機會。「以前大家看到作品很困難，現在是丟作品集上去，剪得很棒，下週接到電話。」</p>
<p>對鄭凱駿來說，媒體環境並沒有變糟，反而往「更好玩的地方」變化，除了技術以外，社群媒體的力量，帶來許多機會。鄭凱駿也提醒，眾聲喧嘩，要從中脫穎而出，關鍵在於拍攝者的觀點。「我們要有辦法提供新的聲音，這非常重要。你要透過怎樣的影像敘事，去支撐自己的觀點？」 期待鄭凱駿重回新聞所，能傳授給學生優秀的敘事能力與獨特觀點。</p>","news-104732","News_Content_n_35497_s_104732.html","images/news/news-104732-1.png",""
